Salwator_1  7506 7537 7557 7577 7597 7617 7637 7657 7677 7697 7717 7737 7757 7777 7797 7817 7837 7857 7877 7897 7917 7937 7957 7977 7997 8017 8037 8057 8077 8097 8117 8137 8157 8177 8197 8217 8237 8257 8277 8297 8317 8337 8357 8377 8397 8417 8437 8457 8477 8497 8517 8537 8566 8596
Salwator_2  7507 7538 7558 7578 7598 7618 7638 7658 7678 7698 7718 7738 7758 7778 7798 7818 7838 7858 7878 7898 7918 7938 7958 7978 7998 8018 8038 8058 8078 8098 8118 8138 8158 8178 8198 8218 8238 8258 8278 8298 8318 8338 8358 8378 8398 8418 8438 8458 8478 8498 8518 8538 8567 8597
Komorowskiego  7508 7539 7559 7579 7599 7619 7639 7659 7679 7699 7719 7739 7759 7779 7799 7819 7839 7859 7879 7899 7919 7939 7959 7979 7999 8019 8039 8059 8079 8099 8119 8139 8159 8179 8199 8219 8239 8259 8279 8299 8319 8339 8359 8379 8399 8419 8439 8459 8479 8499 8519 8539 8568 8598
Jubilat  7510 7541 7561 7581 7601 7621 7641 7661 7681 7701 7721 7741 7761 7781 7801 7821 7841 7861 7881 7901 7921 7941 7961 7981 8001 8021 8041 8061 8081 8101 8121 8141 8161 8181 8201 8221 8241 8261 8281 8301 8321 8341 8361 8381 8401 8421 8441 8461 8481 8501 8521 8541 8570 8600
Filharmonia  7513 7544 7564 7584 7604 7624 7644 7664 7684 7704 7724 7744 7764 7784 7804 7824 7844 7864 7884 7904 7924 7944 7964 7984 8004 8024 8044 8064 8084 8104 8124 8144 8164 8184 8204 8224 8244 8264 8284 8304 8324 8344 8364 8384 8404 8424 8444 8464 8484 8504 8524 8544 8573 8603
Plac Wszystkich Œwiêtych  7514 7545 7565 7585 7605 7625 7645 7665 7685 7705 7725 7745 7765 7785 7805 7825 7845 7865 7885 7905 7925 7945 7965 7985 8005 8025 8045 8065 8085 8105 8125 8145 8165 8185 8205 8225 8245 8265 8285 8305 8325 8345 8365 8385 8405 8425 8445 8465 8485 8505 8525 8545 8574 8604
Poczta G³ówna  7516 7547 7567 7587 7607 7627 7647 7667 7687 7707 7727 7747 7767 7787 7807 7827 7847 7867 7887 7907 7927 7947 7967 7987 8007 8027 8047 8067 8087 8107 8127 8147 8167 8187 8207 8227 8247 8267 8287 8307 8327 8347 8367 8387 8407 8427 8447 8467 8487 8507 8527 8547 8576 8606
Starowiœlna  7519 7550 7570 7590 7610 7630 7650 7670 7690 7710 7730 7750 7770 7790 7810 7830 7850 7870 7890 7910 7930 7950 7970 7990 8010 8030 8050 8070 8090 8110 8130 8150 8170 8190 8210 8230 8250 8270 8290 8310 8330 8350 8370 8390 8410 8430 8450 8470 8490 8510 8530 8550 8579 8608
Hala Targowa  7520 7551 7571 7591 7611 7631 7651 7671 7691 7711 7731 7751 7771 7791 7811 7831 7851 7871 7891 7911 7931 7951 7971 7991 8011 8031 8051 8071 8091 8111 8131 8151 8171 8191 8211 8231 8251 8271 8291 8311 8331 8351 8371 8391 8411 8431 8451 8471 8491 8511 8531 8551 8580 8609
Rondo Grzegórzeckie  7523 7554 7574 7594 7614 7634 7654 7674 7695 7715 7735 7755 7775 7795 7815 7835 7855 7875 7895 7915 7935 7955 7975 7995 8015 8035 8055 8075 8095 8115 8135 8155 8175 8195 8215 8235 8255 8275 8295 8315 8335 8355 8375 8395 8414 8434 8454 8474 8494 8514 8534 8554 8583 8612
Teatr Variete  7524 7555 7575 7595 7615 7635 7655 7675 7696 7716 7736 7756 7776 7796 7816 7836 7856 7876 7896 7916 7936 7956 7976 7996 8016 8036 8056 8076 8096 8116 8136 8156 8176 8196 8216 8236 8256 8276 8296 8316 8336 8356 8376 8396 8415 8435 8455 8475 8495 8515 8535 8555 8584 8613
Francesco Nullo  7525 7556 7576 7596 7616 7636 7656 7676 7697 7717 7737 7757 7777 7797 7817 7837 7857 7877 7897 7917 7937 7957 7977 7997 8017 8037 8057 8077 8097 8117 8137 8157 8177 8197 8217 8237 8257 8277 8297 8317 8337 8357 8377 8397 8416 8436 8456 8476 8496 8516 8536 8556 8585 8614
Fabryczna  7526 7557 7577 7597 7617 7637 7657 7677 7698 7718 7738 7758 7778 7798 7818 7838 7858 7878 7898 7918 7938 7958 7978 7998 8018 8038 8058 8078 8098 8118 8138 8158 8178 8198 8218 8238 8258 8278 8298 8318 8338 8358 8378 8398 8417 8437 8457 8477 8497 8517 8537 8557 8586 8615
Ofiar D¹bia  7527 7558 7578 7598 7618 7638 7658 7678 7699 7719 7739 7759 7779 7799 7819 7839 7859 7879 7899 7919 7939 7959 7979 7999 8019 8039 8059 8079 8099 8119 8139 8159 8179 8199 8219 8239 8259 8279 8299 8319 8339 8359 8379 8399 8418 8438 8458 8478 8498 8518 8538 8558 8587 8616
D¹bie  7528 7559 7579 7599 7619 7639 7659 7679 7700 7720 7740 7760 7780 7800 7820 7840 7860 7880 7900 7920 7940 7960 7980 8000 8020 8040 8060 8080 8100 8120 8140 8160 8180 8200 8220 8240 8260 8280 8300 8320 8340 8360 8380 8400 8419 8439 8459 8479 8499 8519 8539 8559 8588 8617
Plaza  7529 7560 7580 7600 7620 7640 7660 7680 7701 7721 7741 7761 7781 7801 7821 7841 7861 7881 7901 7921 7941 7961 7981 8001 8021 8041 8061 8081 8101 8121 8141 8161 8181 8201 8221 8241 8261 8281 8301 8321 8341 8361 8381 8401 8420 8440 8460 8480 8500 8520 8540 8560 8589 8618
Tauron Arena Kraków al. Pokoju  7531 7562 7582 7602 7622 7642 7662 7682 7703 7723 7743 7763 7783 7803 7823 7843 7863 7883 7903 7923 7943 7963 7983 8003 8023 8043 8063 8083 8103 8123 8143 8163 8183 8203 8223 8243 8263 8283 8303 8323 8343 8363 8383 8403 8422 8442 8462 8482 8502 8522 8542 8562 8590 8619
M1 Al. Pokoju  7533 7564 7584 7604 7624 7644 7664 7684 7705 7725 7745 7765 7785 7805 7825 7845 7865 7885 7905 7925 7945 7965 7985 8005 8025 8045 8065 8085 8105 8125 8145 8165 8185 8205 8225 8245 8265 8285 8305 8325 8345 8365 8385 8405 8424 8444 8464 8484 8504 8524 8544 8564 8591 8620
Rondo 308. Dywizjonu  7535 7566 7586 7606 7626 7646 7666 7686 7707 7727 7747 7767 7787 7807 7827 7847 7867 7887 7907 7927 7947 7967 7987 8007 8027 8047 8067 8087 8107 8127 8147 8167 8187 8207 8227 8247 8267 8287 8307 8327 8347 8367 8387 8407 8426 8446 8466 8486 8506 8526 8546 8566 8593 8622
Centralna  7536 7567 7587 7607 7627 7647 7667 7687 7708 7728 7748 7768 7788 7808 7828 7848 7868 7888 7908 7928 7948 7968 7988 8008 8028 8048 8068 8088 8108 8128 8148 8168 8188 8208 8228 8248 8268 8288 8308 8328 8348 8368 8388 8408 8427 8447 8467 8487 8507 8527 8547 8567 8594 8623
Rondo Czy¿yñskie  7539 7570 7590 7610 7630 7650 7670 7690 7711 7731 7751 7771 7791 7811 7831 7851 7871 7891 7911 7931 7951 7971 7991 8011 8031 8051 8071 8091 8111 8131 8151 8171 8191 8211 8231 8251 8271 8291 8311 8331 8351 8371 8391 8411 8430 8450 8470 8490 8510 8530 8550 8570 8597 8626
Bieñczycka  7540 7571 7591 7611 7631 7651 7671 7691 7712 7732 7752 7772 7792 7812 7832 7852 7872 7892 7912 7932 7952 7972 7992 8012 8032 8052 8072 8092 8112 8132 8152 8172 8192 8212 8232 8252 8272 8292 8312 8332 8352 8372 8392 8412 8431 8451 8471 8491 8511 8531 8551 8571 8598 8627
Rondo Kocmyrzowskie im. Ks. Gorzelanego  7543 7574 7594 7614 7634 7654 7674 7694 7715 7735 7755 7775 7795 7815 7835 7855 7875 7895 7915 7935 7955 7975 7995 8015 8035 8055 8075 8095 8115 8135 8155 8175 8195 8215 8235 8255 8275 8295 8315 8335 8355 8375 8395 8415 8434 8454 8474 8494 8514 8534 8554 8574 8601 8630
Teatr Ludowy  7544 7575 7595 7615 7635 7655 7675 7695 7716 7736 7756 7776 7796 7816 7836 7856 7876 7896 7916 7936 7956 7976 7996 8016 8036 8056 8076 8096 8116 8136 8156 8176 8196 8216 8236 8256 8276 8296 8316 8336 8356 8376 8396 8416 8435 8455 8475 8495 8515 8535 8555 8575 8602 8631
Cienista  7545 7576 7596 7616 7636 7656 7676 7696 7717 7737 7757 7777 7797 7817 7837 7857 7877 7897 7917 7937 7957 7977 7997 8017 8037 8057 8077 8097 8117 8137 8157 8177 8197 8217 8237 8257 8277 8297 8317 8337 8357 8377 8397 8417 8436 8456 8476 8496 8516 8536 8556 8576 8603 8632
Wañkowicza  7547 7578 7598 7618 7638 7658 7678 7698 7719 7739 7759 7779 7799 7819 7839 7859 7879 7899 7919 7939 7959 7979 7999 8019 8039 8059 8079 8099 8119 8139 8159 8179 8199 8219 8239 8259 8279 8299 8319 8339 8359 8379 8399 8419 8438 8458 8478 8498 8518 8538 8558 8578 8605 8634
Wiadukty  7549 7580 7600 7620 7640 7660 7680 7700 7721 7741 7761 7781 7801 7821 7841 7861 7881 7901 7921 7941 7961 7981 8001 8021 8041 8061 8081 8101 8121 8141 8161 8181 8201 8221 8241 8261 8281 8301 8321 8341 8361 8381 8401 8421 8440 8460 8480 8500 8520 8540 8560 8580 8607 8636
Darwina  7550 7581 7601 7621 7641 7661 7681 7701 7722 7742 7762 7782 7802 7822 7842 7862 7882 7902 7922 7942 7962 7982 8002 8022 8042 8062 8082 8102 8122 8142 8162 8182 8202 8222 8242 8262 8282 8302 8322 8342 8362 8382 8402 8422 8441 8461 8481 8501 8521 8541 8561 8581 8608 8637
Jarzêbiny  7551 7582 7602 7622 7642 7662 7682 7702 7723 7743 7763 7783 7803 7823 7843 7863 7883 7903 7923 7943 7963 7983 8003 8023 8043 8063 8083 8103 8123 8143 8163 8183 8203 8223 8243 8263 8283 8303 8323 8343 8363 8383 8403 8423 8442 8462 8482 8502 8522 8542 8562 8582 8609 8638
Wzgórza Krzes³awickie  7552 7583 7603 7623 7643 7663 7683 7703 7724 7744 7764 7784 7804 7824 7844 7864 7884 7904 7924 7944 7964 7984 8004 8024 8044 8064 8084 8104 8124 8144 8164 8184 8204 8224 8244 8264 8284 8304 8324 8344 8364 8384 8404 8424 8443 8463 8483 8503 8523 8543 8563 8583 8610 8639
