Cmentarz Rakowicki  341 356 366 376 386 400 410 420 430 440 450 460 470 480 490 500 510 520 530 540 557 577 597 619 639 659 679 697 713 732 750 766 786 806 826 836 846 856 866 876 886 896 906 916 926 936 946 956 966 976 986 996 1006 1016 1026 1036 1046 1056 1076 1096 1116 1136 1156 1176 1197 1217 1237 1258 1278 1298 1318 1338 1357 1373
Cmentarz Rakowicki  342 357 367 377 387 401 411 421 431 441 451 461 471 481 491 501 511 521 531 541 558 578 598 620 640 660 680 698 714 733 751 767 787 807 827 837 847 857 867 877 887 897 907 917 927 937 947 957 967 977 987 997 1007 1017 1027 1037 1047 1057 1077 1097 1117 1137 1157 1177 1198 1218 1238 1259 1279 1299 1319 1339 1358 1374
Rakowicka  343 358 368 378 388 402 412 422 432 442 452 462 472 482 492 502 512 522 532 542 559 579 599 621 641 661 681 699 715 734 752 768 788 808 828 838 848 858 868 878 888 898 908 918 928 938 948 958 968 978 988 998 1008 1018 1028 1038 1048 1058 1078 1098 1118 1138 1158 1178 1199 1219 1239 1260 1280 1300 1320 1340 1359 1375
Uniwersytet Ekonomiczny  344 359 369 379 389 403 413 423 433 443 453 463 473 483 493 503 513 523 533 543 560 580 600 622 642 662 682 700 716 735 753 769 789 809 829 839 849 859 869 879 889 899 909 919 929 939 949 959 969 979 989 999 1009 1019 1029 1039 1049 1059 1079 1099 1119 1139 1159 1179 1200 1220 1240 1261 1281 1301 1321 1341 1360 1376
Lubicz  346 361 371 381 391 405 415 425 435 445 455 465 475 485 495 505 515 525 535 545 562 582 602 624 644 664 684 702 718 737 755 771 791 811 831 841 851 861 871 881 891 901 911 921 931 941 951 961 971 981 991 1001 1011 1021 1031 1041 1051 1061 1081 1101 1121 1141 1161 1181 1202 1222 1242 1263 1283 1303 1323 1343 1362 1378
Dworzec G³ówny  348 363 373 383 393 407 417 427 437 447 457 467 477 487 497 507 517 527 537 547 564 584 604 626 646 666 686 704 720 740 758 774 794 814 834 844 854 864 874 884 894 904 914 924 934 944 954 964 974 984 994 1004 1014 1024 1034 1044 1054 1064 1083 1103 1123 1143 1163 1183 1204 1224 1244 1265 1285 1305 1325 1345 1364 1380
Stary Kleparz  350 365 375 385 395 409 419 429 439 449 459 469 479 489 499 509 519 529 539 549 566 586 606 628 648 668 688 706 722 742 760 776 796 816 836 846 856 866 876 886 896 906 916 926 936 946 956 966 976 986 996 1006 1016 1026 1036 1046 1056 1066 1085 1105 1125 1145 1165 1185 1206 1226 1246 1267 1287 1307 1327 1347 1366 1382
Teatr Bagatela  353 368 378 388 398 412 422 432 442 452 462 472 482 492 502 512 522 532 542 552 569 589 609 631 651 671 691 709 725 745 763 779 799 819 839 849 859 869 879 889 899 909 919 929 939 949 959 969 979 989 999 1009 1019 1029 1039 1049 1059 1069 1088 1108 1128 1148 1168 1188 1209 1229 1249 1270 1290 1310 1330 1350 1369 1384
Filharmonia  355 370 380 390 400 414 424 434 444 454 464 474 484 494 504 514 524 534 544 554 571 591 611 633 653 673 693 711 727 747 765 781 801 821 841 851 861 871 881 891 901 911 921 931 941 951 961 971 981 991 1001 1011 1021 1031 1041 1051 1061 1071 1090 1110 1130 1150 1170 1190 1211 1231 1251 1272 1292 1312 1332 1352 1371 1386
Jubilat  357 372 382 392 402 416 426 436 446 456 466 476 486 496 506 516 526 536 546 556 573 593 613 635 655 675 695 713 729 749 767 783 803 823 843 853 863 873 883 893 903 913 923 933 943 953 963 973 983 993 1003 1013 1023 1033 1043 1053 1063 1073 1092 1112 1132 1152 1172 1192 1213 1233 1253 1274 1294 1314 1334 1354 1373 1388
Komorowskiego  359 374 384 394 404 418 428 438 448 458 468 478 488 498 508 518 528 538 548 558 575 595 615 637 657 677 697 715 731 751 769 785 805 825 845 855 865 875 885 895 905 915 925 935 945 955 965 975 985 995 1005 1015 1025 1035 1045 1055 1065 1075 1094 1114 1134 1154 1174 1194 1215 1235 1255 1276 1296 1316 1336 1356 1375 1390
Salwator_2  360 375 385 395 405 419 429 439 449 459 469 479 489 499 509 519 529 539 549 559 576 596 616 638 658 678 698 716 732 752 770 786 806 826 846 856 866 876 886 896 906 916 926 936 946 956 966 976 986 996 1006 1016 1026 1036 1046 1056 1066 1076 1095 1115 1135 1155 1175 1195 1216 1236 1256 1277 1297 1317 1337 1357 1376 1391
Salwator_1  361 376 386 396 406 420 430 440 450 460 470 480 490 500 510 520 530 540 550 560 577 597 617 639 659 679 699 717 733 753 771 787 807 827 847 857 867 877 887 897 907 917 927 937 947 957 967 977 987 997 1007 1017 1027 1037 1047 1057 1067 1077 1096 1116 1136 1156 1176 1196 1217 1237 1257 1278 1298 1318 1338 1358 1377 1392
