Cmentarz Rakowicki  7508 7528 7548 7568 7588 7608 7628 7648 7668 7688 7709 7729 7749 7769 7789 7809 7829 7849 7869 7889 7909 7929 7949 7969 7989 8009 8029 8049 8069 8089 8109 8129 8149 8169 8189 8209 8229 8249 8269 8289 8309 8329 8349 8369 8389 8408 8428 8448 8468 8488 8519 8547
Cmentarz Rakowicki  7509 7529 7549 7569 7589 7609 7629 7649 7669 7689 7710 7730 7750 7770 7790 7810 7830 7850 7870 7890 7910 7930 7950 7970 7990 8010 8030 8050 8070 8090 8110 8130 8150 8170 8190 8210 8230 8250 8270 8290 8310 8330 8350 8370 8390 8409 8429 8449 8469 8489 8520 8548
Rakowicka  7510 7530 7550 7570 7590 7610 7630 7650 7670 7690 7711 7731 7751 7771 7791 7811 7831 7851 7871 7891 7911 7931 7951 7971 7991 8011 8031 8051 8071 8091 8111 8131 8151 8171 8191 8211 8231 8251 8271 8291 8311 8331 8351 8371 8391 8410 8430 8450 8470 8490 8521 8549
Uniwersytet Ekonomiczny  7511 7531 7551 7571 7591 7611 7631 7651 7671 7691 7712 7732 7752 7772 7792 7812 7832 7852 7872 7892 7912 7932 7952 7972 7992 8012 8032 8052 8072 8092 8112 8132 8152 8172 8192 8212 8232 8252 8272 8292 8312 8332 8352 8372 8392 8411 8431 8451 8471 8491 8522 8550
Lubicz  7512 7532 7552 7572 7592 7612 7632 7652 7672 7692 7713 7733 7753 7773 7793 7813 7833 7853 7873 7893 7913 7933 7953 7973 7993 8013 8033 8053 8073 8093 8113 8133 8153 8173 8193 8213 8233 8253 8273 8293 8313 8333 8353 8373 8393 8412 8432 8452 8472 8492 8523 8551
Dworzec G³ówny  7514 7534 7554 7574 7594 7614 7634 7654 7674 7694 7715 7735 7755 7775 7795 7815 7835 7855 7875 7895 7915 7935 7955 7975 7995 8015 8035 8055 8075 8095 8115 8135 8155 8175 8195 8215 8235 8255 8275 8295 8315 8335 8355 8375 8395 8414 8434 8454 8474 8494 8525 8553
Stary Kleparz  7516 7536 7556 7576 7596 7616 7636 7656 7676 7696 7717 7737 7757 7777 7797 7817 7837 7857 7877 7897 7917 7937 7957 7977 7997 8017 8037 8057 8077 8097 8117 8137 8157 8177 8197 8217 8237 8257 8277 8297 8317 8337 8357 8377 8397 8416 8436 8456 8476 8496 8527 8555
Teatr Bagatela  7518 7538 7558 7578 7598 7618 7638 7658 7678 7699 7720 7740 7760 7780 7800 7820 7840 7860 7880 7900 7920 7940 7960 7980 8000 8020 8040 8060 8080 8100 8120 8140 8160 8180 8200 8220 8240 8260 8280 8300 8320 8340 8360 8380 8400 8418 8438 8458 8478 8498 8529 8557
Filharmonia  7520 7540 7560 7580 7600 7620 7640 7660 7680 7701 7722 7742 7762 7782 7802 7822 7842 7862 7882 7902 7922 7942 7962 7982 8002 8022 8042 8062 8082 8102 8122 8142 8162 8182 8202 8222 8242 8262 8282 8302 8322 8342 8362 8382 8402 8420 8440 8460 8480 8500 8531 8559
Jubilat  7522 7542 7562 7582 7602 7622 7642 7662 7682 7703 7724 7744 7764 7784 7804 7824 7844 7864 7884 7904 7924 7944 7964 7984 8004 8024 8044 8064 8084 8104 8124 8144 8164 8184 8204 8224 8244 8264 8284 8304 8324 8344 8364 8384 8404 8422 8442 8462 8482 8502 8533 8561
Komorowskiego  7524 7544 7564 7584 7604 7624 7644 7664 7684 7705 7726 7746 7766 7786 7806 7826 7846 7866 7886 7906 7926 7946 7966 7986 8006 8026 8046 8066 8086 8106 8126 8146 8166 8186 8206 8226 8246 8266 8286 8306 8326 8346 8366 8386 8406 8424 8444 8464 8484 8504 8535 8563
Salwator_2  7525 7545 7565 7585 7605 7625 7645 7665 7685 7706 7727 7747 7767 7787 7807 7827 7847 7867 7887 7907 7927 7947 7967 7987 8007 8027 8047 8067 8087 8107 8127 8147 8167 8187 8207 8227 8247 8267 8287 8307 8327 8347 8367 8387 8407 8425 8445 8465 8485 8505 8536 8564
Salwator_1  7526 7546 7566 7586 7606 7626 7646 7666 7686 7707 7728 7748 7768 7788 7808 7828 7848 7868 7888 7908 7928 7948 7968 7988 8008 8028 8048 8068 8088 8108 8128 8148 8168 8188 8208 8228 8248 8268 8288 8308 8328 8348 8368 8388 8408 8426 8446 8466 8486 8506 8537 8565
