Cmentarz Rakowicki  8951 8981 9011 9041 9071 9101 9131 9151 9169 9189 9209 9229 9249 9269 9289 9309 9329 9349 9369 9389 9409 9429 9449 9469 9489 9509 9529 9549 9569 9589 9609 9629 9649 9669 9689 9709 9729 9749 9769 9789 9809 9829 9848 9868 9888 9908 9928 9959 9987
Cmentarz Rakowicki  8952 8982 9012 9042 9072 9102 9132 9152 9170 9190 9210 9230 9250 9270 9290 9310 9330 9350 9370 9390 9410 9430 9450 9470 9490 9510 9530 9550 9570 9590 9610 9630 9650 9670 9690 9710 9730 9750 9770 9790 9810 9830 9849 9869 9889 9909 9929 9960 9988
Rakowicka  8953 8983 9013 9043 9073 9103 9133 9153 9171 9191 9211 9231 9251 9271 9291 9311 9331 9351 9371 9391 9411 9431 9451 9471 9491 9511 9531 9551 9571 9591 9611 9631 9651 9671 9691 9711 9731 9751 9771 9791 9811 9831 9850 9870 9890 9910 9930 9961 9989
Uniwersytet Ekonomiczny  8954 8984 9014 9044 9074 9104 9134 9154 9172 9192 9212 9232 9252 9272 9292 9312 9332 9352 9372 9392 9412 9432 9452 9472 9492 9512 9532 9552 9572 9592 9612 9632 9652 9672 9692 9712 9732 9752 9772 9792 9812 9832 9851 9871 9891 9911 9931 9962 9990
Lubicz  8955 8985 9015 9045 9075 9105 9135 9155 9173 9193 9213 9233 9253 9273 9293 9313 9333 9353 9373 9393 9413 9433 9453 9473 9493 9513 9533 9553 9573 9593 9613 9633 9653 9673 9693 9713 9733 9753 9773 9793 9813 9833 9852 9872 9892 9912 9932 9963 9991
Dworzec G³ówny  8957 8987 9017 9047 9077 9107 9137 9157 9175 9195 9215 9235 9255 9275 9295 9315 9335 9355 9375 9395 9415 9435 9455 9475 9495 9515 9535 9555 9575 9595 9615 9635 9655 9675 9695 9715 9735 9755 9775 9795 9815 9835 9854 9874 9894 9914 9934 9965 9993
Stary Kleparz  8959 8989 9019 9049 9079 9109 9139 9159 9177 9197 9217 9237 9257 9277 9297 9317 9337 9357 9377 9397 9417 9437 9457 9477 9497 9517 9537 9557 9577 9597 9617 9637 9657 9677 9697 9717 9737 9757 9777 9797 9817 9837 9856 9876 9896 9916 9936 9967 9995
Teatr Bagatela  8961 8991 9021 9051 9081 9111 9142 9162 9180 9200 9220 9240 9260 9280 9300 9320 9340 9360 9380 9400 9420 9440 9460 9480 9500 9520 9540 9560 9580 9600 9620 9640 9660 9680 9700 9720 9740 9760 9780 9800 9820 9840 9858 9878 9898 9918 9938 9969 9997
Filharmonia  8963 8993 9023 9053 9083 9113 9144 9164 9182 9202 9222 9242 9262 9282 9302 9322 9342 9362 9382 9402 9422 9442 9462 9482 9502 9522 9542 9562 9582 9602 9622 9642 9662 9682 9702 9722 9742 9762 9782 9802 9822 9842 9860 9880 9900 9920 9940 9971 9999
Jubilat  8965 8995 9025 9055 9085 9115 9146 9166 9184 9204 9224 9244 9264 9284 9304 9324 9344 9364 9384 9404 9424 9444 9464 9484 9504 9524 9544 9564 9584 9604 9624 9644 9664 9684 9704 9724 9744 9764 9784 9804 9824 9844 9862 9882 9902 9922 9942 9973 10001
Komorowskiego  8967 8997 9027 9057 9087 9117 9148 9168 9186 9206 9226 9246 9266 9286 9306 9326 9346 9366 9386 9406 9426 9446 9466 9486 9506 9526 9546 9566 9586 9606 9626 9646 9666 9686 9706 9726 9746 9766 9786 9806 9826 9846 9864 9884 9904 9924 9944 9975 10003
Salwator_2  8968 8998 9028 9058 9088 9118 9149 9169 9187 9207 9227 9247 9267 9287 9307 9327 9347 9367 9387 9407 9427 9447 9467 9487 9507 9527 9547 9567 9587 9607 9627 9647 9667 9687 9707 9727 9747 9767 9787 9807 9827 9847 9865 9885 9905 9925 9945 9976 10004
Salwator_1  8969 8999 9029 9059 9089 9119 9150 9170 9188 9208 9228 9248 9268 9288 9308 9328 9348 9368 9388 9408 9428 9448 9468 9488 9508 9528 9548 9568 9588 9608 9628 9648 9668 9688 9708 9728 9748 9768 9788 9808 9828 9848 9866 9886 9906 9926 9946 9977 10005
