Krowodrza Górka  289 309 326 347 365 375 384 394 404 415 425 435 445 455 465 475 485 495 505 515 525 535 545 555 565 575 585 595 605 615 625 635 645 655 665 675 685 695 705 715 725 735 745 756 765 775 785 796 805 815 825 835 845 855 865 876 886 896 906 916 926 936 946 956 966 976 986 996 1006 1016 1026 1036 1046 1056 1066 1077 1087 1097 1107 1117 1126 1134 1145 1155 1165 1182 1203 1223 1243 1263 1283 1303 1323 1343 1363 1384
Bratys³awska  290 310 327 348 366 376 385 395 405 416 426 436 446 456 466 476 486 496 506 516 526 536 546 556 566 576 586 596 606 616 626 636 646 656 666 676 686 696 706 716 726 736 746 757 766 776 786 797 806 816 826 836 846 856 866 877 887 897 907 917 927 937 947 957 967 977 987 997 1007 1017 1027 1037 1047 1057 1067 1078 1088 1098 1108 1118 1127 1135 1146 1156 1166 1183 1204 1224 1244 1264 1284 1304 1324 1344 1364 1385
Szpital Narutowicza  291 311 328 349 367 377 386 396 406 417 427 437 447 457 467 477 487 497 507 517 527 537 547 557 567 577 587 597 607 617 627 637 647 657 667 677 687 697 707 717 727 737 747 758 767 777 787 798 807 817 827 837 847 857 867 878 888 898 908 918 928 938 948 958 968 978 988 998 1008 1018 1028 1038 1048 1058 1068 1079 1089 1099 1109 1119 1128 1136 1147 1157 1167 1184 1205 1225 1245 1265 1285 1305 1325 1345 1365 1386
Dworzec Towarowy  293 313 330 351 369 379 388 398 408 419 429 439 449 459 469 479 489 499 509 519 529 539 549 559 569 579 589 599 609 619 629 639 649 659 669 679 689 699 709 719 729 739 749 760 769 779 789 800 809 819 829 839 849 859 869 880 890 900 910 920 930 940 950 960 970 980 990 1000 1010 1020 1030 1040 1050 1060 1070 1081 1091 1101 1111 1121 1130 1138 1149 1159 1169 1186 1207 1227 1247 1267 1287 1307 1327 1347 1367 1388
Politechnika  295 315 332 353 371 381 390 400 410 421 431 441 451 461 471 481 491 501 511 521 531 541 551 561 571 581 591 601 611 621 631 641 651 661 671 681 691 701 711 721 731 741 751 762 771 781 791 802 811 821 831 841 851 861 871 882 892 902 912 922 932 942 952 962 972 982 992 1002 1012 1022 1032 1042 1052 1062 1072 1083 1093 1103 1113 1123 1132 1140 1151 1161 1171 1188 1209 1229 1249 1269 1289 1309 1329 1349 1369 1390
Dworzec G³ówny Zachód  296 317 334 355 373 383 392 402 412 423 433 443 453 463 473 483 493 503 513 523 533 543 553 563 573 583 593 603 613 623 633 643 653 663 673 683 693 703 713 723 733 743 753 764 773 783 793 804 813 823 833 843 853 863 873 884 894 904 914 924 934 944 954 964 974 984 994 1004 1014 1024 1034 1044 1054 1064 1074 1085 1095 1105 1115 1125 1134 1142 1153 1163 1173 1190 1211 1231 1251 1271 1291 1311 1331 1351 1371 1391
Dworzec G³ówny  298 319 336 357 375 385 394 404 414 425 435 445 455 465 475 485 495 505 515 525 535 545 555 565 575 585 595 605 615 625 635 645 655 665 675 685 695 705 715 725 735 745 755 766 775 785 795 806 815 825 835 845 855 865 875 886 896 906 916 926 936 946 956 966 976 986 996 1006 1016 1026 1036 1046 1056 1066 1076 1087 1097 1107 1117 1127 1136 1144 1155 1165 1175 1192 1213 1233 1253 1273 1293 1313 1333 1353 1373 1393
Poczta G³ówna  300 321 338 359 377 387 396 406 416 427 437 447 457 467 477 487 497 507 517 527 537 547 557 567 577 587 597 607 617 627 637 647 657 667 677 687 697 707 717 727 737 747 757 768 777 787 797 808 817 827 837 847 857 867 877 888 898 908 918 928 938 948 958 968 978 988 998 1008 1018 1028 1038 1048 1058 1068 1078 1089 1099 1109 1119 1129 1138 1146 1157 1167 1177 1194 1215 1235 1255 1275 1295 1315 1335 1355 1375 1395
Starowiœlna  302 323 340 361 379 389 398 408 418 429 439 449 459 469 479 489 499 509 519 529 539 549 559 569 579 589 599 609 619 629 639 649 659 669 679 689 699 709 719 730 740 750 760 771 780 790 800 811 820 830 840 850 860 870 880 891 901 911 921 931 941 951 961 971 981 991 1001 1011 1021 1031 1041 1051 1061 1071 1081 1091 1101 1111 1121 1131 1140 1148 1159 1169 1179 1196 1217 1237 1257 1277 1297 1317 1337 1357 1377 1397
Miodowa  303 324 341 362 380 390 399 409 419 430 440 450 460 470 480 490 500 510 520 530 540 550 560 570 580 590 600 610 620 630 640 650 660 670 680 690 700 710 720 731 741 751 761 772 781 791 801 812 821 831 841 851 861 871 881 892 902 912 922 932 942 952 962 972 982 992 1002 1012 1022 1032 1042 1052 1062 1072 1082 1092 1102 1112 1122 1132 1141 1149 1160 1170 1180 1197 1218 1238 1258 1278 1298 1318 1338 1358 1378 1398
Œw. Wawrzyñca  304 325 342 363 381 391 400 410 420 431 441 451 461 471 481 491 501 511 521 531 541 551 561 571 581 591 601 611 621 631 641 651 661 671 681 691 701 711 721 732 742 752 762 773 782 792 802 813 822 832 842 852 862 872 882 893 903 913 923 933 943 953 963 973 983 993 1003 1013 1023 1033 1043 1053 1063 1073 1083 1093 1103 1113 1123 1133 1142 1150 1161 1171 1181 1198 1219 1239 1259 1279 1299 1319 1339 1359 1379 1399
Plac Bohaterów Getta  306 327 344 365 383 393 402 412 422 433 443 453 463 473 483 493 503 513 523 533 543 553 563 573 583 593 603 613 623 633 643 653 663 673 683 693 703 713 723 734 744 754 764 775 784 794 804 815 824 834 844 854 864 874 884 895 905 915 925 935 945 955 965 975 985 995 1005 1015 1025 1035 1045 1055 1065 1075 1085 1095 1105 1115 1125 1135 1144 1152 1163 1173 1183 1200 1221 1241 1261 1281 1301 1321 1341 1361 1381 1401
Powstañców Wielkopolskich  309 330 347 368 386 396 405 415 425 436 446 456 466 476 486 496 506 516 526 536 546 556 566 576 586 596 606 616 626 636 646 656 666 676 686 696 706 716 726 737 747 757 767 778 787 797 807 818 827 837 847 857 867 877 887 898 908 918 928 938 948 958 968 978 988 998 1008 1018 1028 1038 1048 1058 1068 1078 1088 1098 1108 1118 1128 1138 1147 1155 1166 1176 1186 1203 1224 1244 1264 1284 1304 1324 1344 1364 1384 1404
Cmentarz Podgórski  310 331 348 369 387 397 406 416 426 437 447 457 467 477 487 497 507 517 527 537 547 557 567 577 587 597 607 617 627 637 647 657 667 677 687 697 707 717 727 738 748 758 768 779 788 798 808 819 828 838 848 858 868 878 888 899 909 919 929 939 949 959 969 979 989 999 1009 1019 1029 1039 1049 1059 1069 1079 1089 1099 1109 1119 1129 1139 1148 1156 1167 1177 1187 1204 1225 1245 1265 1285 1305 1325 1345 1365 1385 1405
Dworcowa  312 333 350 371 389 399 408 418 428 439 449 459 469 479 489 499 509 519 529 539 549 559 569 579 589 599 609 619 629 639 649 659 669 679 689 699 709 719 729 740 750 760 770 781 790 800 810 821 830 840 850 860 870 880 890 901 911 921 931 941 951 961 971 981 991 1001 1011 1021 1031 1041 1051 1061 1071 1081 1091 1101 1111 1121 1131 1141 1150 1158 1169 1179 1189 1206 1227 1247 1267 1287 1307 1327 1347 1367 1387 1407
Kabel  314 335 352 373 391 401 410 420 430 441 451 461 471 481 491 501 511 521 531 541 551 561 571 581 591 601 611 621 631 641 651 661 671 681 691 701 711 721 731 742 752 762 772 783 792 802 812 823 832 842 852 862 872 882 892 903 913 923 933 943 953 963 973 983 993 1003 1013 1023 1033 1043 1053 1063 1073 1083 1093 1103 1113 1123 1133 1143 1152 1160 1171 1181 1191 1208 1229 1249 1269 1289 1309 1329 1349 1369 1389 1409
Bie¿anowska  317 338 355 376 394 404 413 423 433 444 454 464 474 484 494 504 514 524 534 544 554 564 574 584 594 604 614 624 634 644 654 664 674 684 694 704 714 724 734 745 755 765 775 786 795 805 815 826 835 845 855 865 875 885 895 906 916 926 936 946 956 966 976 986 996 1006 1016 1026 1036 1046 1056 1066 1076 1086 1096 1106 1116 1126 1136 1146 1155 1163 1174 1184 1194 1211 1232 1252 1272 1292 1312 1332 1352 1372 1392 1412
Wlotowa  318 339 356 377 395 405 414 424 434 445 455 465 475 485 495 505 515 525 535 545 555 565 575 585 595 605 615 625 635 645 655 665 675 685 695 705 715 725 735 746 756 766 776 787 796 806 816 827 836 846 856 866 876 886 896 907 917 927 937 947 957 967 977 987 997 1007 1017 1027 1037 1047 1057 1067 1077 1087 1097 1107 1117 1127 1137 1147 1156 1164 1175 1185 1195 1212 1233 1253 1273 1293 1313 1333 1353 1373 1393 1413
Prokocim  319 340 357 378 396 406 415 425 435 446 456 466 476 486 496 506 516 526 536 546 556 566 576 586 596 606 616 626 636 646 656 666 676 686 696 706 716 726 736 747 757 767 777 788 797 807 817 828 837 847 857 867 877 887 897 908 918 928 938 948 958 968 978 988 998 1008 1018 1028 1038 1048 1058 1068 1078 1088 1098 1108 1118 1128 1138 1148 1157 1165 1176 1186 1196 1213 1234 1254 1274 1294 1314 1334 1354 1374 1394 1414
Prokocim Szpital  321 342 359 380 398 408 417 427 437 448 458 468 478 488 498 508 518 528 538 548 558 568 578 588 598 608 618 628 638 648 658 668 678 688 698 708 718 728 738 749 759 769 779 790 799 809 819 830 839 849 859 869 879 889 899 910 920 930 940 950 960 970 980 990 1000 1010 1020 1030 1040 1050 1060 1070 1080 1090 1100 1110 1120 1130 1140 1150 1159 1167 1178 1188 1198 1215 1236 1256 1276 1296 1316 1336 1356 1376 1396 1416
Teligi  323 344 361 382 400 410 419 429 439 450 460 470 480 490 500 510 520 530 540 550 560 570 580 590 600 610 620 630 640 650 660 670 680 690 700 710 720 730 740 751 761 771 781 792 801 811 821 832 841 851 861 871 881 891 901 912 922 932 942 952 962 972 982 992 1002 1012 1022 1032 1042 1052 1062 1072 1082 1092 1102 1112 1122 1132 1142 1152 1161 1169 1180 1190 1200 1217 1238 1258 1278 1298 1318 1338 1358 1378 1398 1418
Nowy Prokocim  324 345 362 383 401 411 420 430 440 451 461 471 481 491 501 511 521 531 541 551 561 571 581 591 601 611 621 631 641 651 661 671 681 691 701 711 721 731 741 752 762 772 782 793 802 812 822 833 842 852 862 872 882 892 902 913 923 933 943 953 963 973 983 993 1003 1013 1023 1033 1043 1053 1063 1073 1083 1093 1103 1113 1123 1133 1143 1153 1162 1170 1181 1191 1201 1218 1239 1259 1279 1299 1319 1339 1359 1379 1399 1419
Æwikliñskiej  326 347 364 385 403 413 422 432 442 453 463 473 483 493 503 513 523 533 543 553 563 573 583 593 603 613 623 633 643 653 663 673 683 693 703 713 723 733 743 754 764 774 784 795 804 814 824 835 844 854 864 874 884 894 904 915 925 935 945 955 965 975 985 995 1005 1015 1025 1035 1045 1055 1065 1075 1085 1095 1105 1115 1125 1135 1145 1155 1164 1172 1183 1193 1203 1220 1241 1261 1281 1301 1321 1341 1361 1381 1401 1421
Nowy Bie¿anów  327 348 365 386 404 414 423 433 443 454 464 474 484 494 504 514 524 534 544 554 564 574 584 594 604 614 624 634 644 654 664 674 684 694 704 714 724 734 744 755 765 775 785 796 805 815 825 836 845 855 865 875 885 895 905 916 926 936 946 956 966 976 986 996 1006 1016 1026 1036 1046 1056 1066 1076 1086 1096 1106 1116 1126 1136 1146 1156 1165 1173 1184 1194 1204 1221 1242 1262 1282 1302 1322 1342 1362 1382 1402 1422
