Krowodrza Górka  8941 8969 9001 9031 9061 9091 9121 9151 9173 9193 9213 9233 9253 9273 9293 9313 9333 9353 9373 9393 9413 9433 9453 9473 9493 9513 9533 9553 9573 9593 9613 9633 9653 9673 9693 9713 9733 9753 9773 9793 9813 9833 9853 9873 9893 9913 9933 9953 9973 10003
Bratys³awska  8942 8970 9002 9032 9062 9092 9122 9152 9174 9194 9214 9234 9254 9274 9294 9314 9334 9354 9374 9394 9414 9434 9454 9474 9494 9514 9534 9554 9574 9594 9614 9634 9654 9674 9694 9714 9734 9754 9774 9794 9814 9834 9854 9874 9894 9914 9934 9954 9974 10004
Szpital Narutowicza  8943 8971 9003 9033 9063 9093 9123 9153 9175 9195 9215 9235 9255 9275 9295 9315 9335 9355 9375 9395 9415 9435 9455 9475 9495 9515 9535 9555 9575 9595 9615 9635 9655 9675 9695 9715 9735 9755 9775 9795 9815 9835 9855 9875 9895 9915 9935 9955 9975 10005
Dworzec Towarowy  8945 8973 9005 9035 9065 9095 9125 9155 9177 9197 9217 9237 9257 9277 9297 9317 9337 9357 9377 9397 9417 9437 9457 9477 9497 9517 9537 9557 9577 9597 9617 9637 9657 9677 9697 9717 9737 9757 9777 9797 9817 9837 9857 9877 9897 9917 9937 9957 9977 10007
Politechnika  8947 8975 9007 9037 9067 9097 9127 9157 9179 9199 9219 9239 9259 9279 9299 9319 9339 9359 9379 9399 9419 9439 9459 9479 9499 9519 9539 9559 9579 9599 9619 9639 9659 9679 9699 9719 9739 9759 9779 9799 9819 9839 9859 9879 9899 9919 9939 9959 9979 10009
Dworzec G³ówny Zachód  8948 8976 9008 9038 9068 9098 9129 9159 9181 9201 9221 9241 9261 9281 9301 9321 9341 9361 9381 9401 9421 9441 9461 9481 9501 9521 9541 9561 9581 9601 9621 9641 9661 9681 9701 9721 9741 9761 9781 9801 9821 9841 9860 9880 9900 9920 9940 9960 9980 10010
Dworzec G³ówny  8950 8978 9010 9040 9070 9100 9131 9161 9183 9203 9223 9243 9263 9283 9303 9323 9343 9363 9383 9403 9423 9443 9463 9483 9503 9523 9543 9563 9583 9603 9623 9643 9663 9683 9703 9723 9743 9763 9783 9803 9823 9843 9862 9882 9902 9922 9942 9962 9982 10012
Poczta G³ówna  8952 8980 9012 9042 9072 9102 9133 9163 9185 9205 9225 9245 9265 9285 9305 9325 9345 9365 9385 9405 9425 9445 9465 9485 9505 9525 9545 9565 9585 9605 9625 9645 9665 9685 9705 9725 9745 9765 9785 9805 9825 9845 9864 9884 9904 9924 9944 9964 9984 10014
Starowiœlna  8954 8982 9014 9044 9074 9104 9135 9165 9187 9207 9227 9247 9267 9287 9307 9327 9347 9367 9387 9407 9427 9447 9467 9487 9507 9527 9547 9567 9587 9607 9627 9647 9667 9687 9707 9727 9747 9767 9787 9807 9827 9847 9866 9886 9906 9926 9946 9966 9986 10016
Miodowa  8955 8983 9015 9045 9075 9105 9136 9166 9188 9208 9228 9248 9268 9288 9308 9328 9348 9368 9388 9408 9428 9448 9468 9488 9508 9528 9548 9568 9588 9608 9628 9648 9668 9688 9708 9728 9748 9768 9788 9808 9828 9848 9867 9887 9907 9927 9947 9967 9987 10017
Œw. Wawrzyñca  8956 8984 9016 9046 9076 9106 9137 9167 9189 9209 9229 9249 9269 9289 9309 9329 9349 9369 9389 9409 9429 9449 9469 9489 9509 9529 9549 9569 9589 9609 9629 9649 9669 9689 9709 9729 9749 9769 9789 9809 9829 9849 9868 9888 9908 9928 9948 9968 9988 10018
Plac Bohaterów Getta  8958 8986 9018 9048 9078 9108 9139 9169 9191 9211 9231 9251 9271 9291 9311 9331 9351 9371 9391 9411 9431 9451 9471 9491 9511 9531 9551 9571 9591 9611 9631 9651 9671 9691 9711 9731 9751 9771 9791 9811 9831 9851 9870 9890 9910 9930 9950 9970 9990 10020
Powstañców Wielkopolskich  8961 8989 9021 9051 9081 9111 9142 9172 9194 9214 9234 9254 9274 9294 9314 9334 9354 9374 9394 9414 9434 9454 9474 9494 9514 9534 9554 9574 9594 9614 9634 9654 9674 9694 9714 9734 9754 9774 9794 9814 9834 9854 9873 9893 9913 9933 9953 9973 9993 10023
Cmentarz Podgórski  8962 8990 9022 9052 9082 9112 9143 9173 9195 9215 9235 9255 9275 9295 9315 9335 9355 9375 9395 9415 9435 9455 9475 9495 9515 9535 9555 9575 9595 9615 9635 9655 9675 9695 9715 9735 9755 9775 9795 9815 9835 9855 9874 9894 9914 9934 9954 9974 9994 10024
Dworcowa  8964 8992 9024 9054 9084 9114 9145 9175 9197 9217 9237 9257 9277 9297 9317 9337 9357 9377 9397 9417 9437 9457 9477 9497 9517 9537 9557 9577 9597 9617 9637 9657 9677 9697 9717 9737 9757 9777 9797 9817 9837 9857 9876 9896 9916 9936 9956 9976 9996 10026
Kabel  8966 8994 9026 9056 9086 9116 9147 9177 9199 9219 9239 9259 9279 9299 9319 9339 9359 9379 9399 9419 9439 9459 9479 9499 9519 9539 9559 9579 9599 9619 9639 9659 9679 9699 9719 9739 9759 9779 9799 9819 9839 9859 9878 9898 9918 9938 9958 9978 9998 10028
Bie¿anowska  8969 8997 9029 9059 9089 9119 9150 9180 9202 9222 9242 9262 9282 9302 9322 9342 9362 9382 9402 9422 9442 9462 9482 9502 9522 9542 9562 9582 9602 9622 9642 9662 9682 9702 9722 9742 9762 9782 9802 9822 9842 9862 9881 9901 9921 9941 9961 9981 10001 10031
Wlotowa  8970 8998 9030 9060 9090 9120 9151 9181 9203 9223 9243 9263 9283 9303 9323 9343 9363 9383 9403 9423 9443 9463 9483 9503 9523 9543 9563 9583 9603 9623 9643 9663 9683 9703 9723 9743 9763 9783 9803 9823 9843 9863 9882 9902 9922 9942 9962 9982 10002 10032
Prokocim  8971 8999 9031 9061 9091 9121 9152 9182 9204 9224 9244 9264 9284 9304 9324 9344 9364 9384 9404 9424 9444 9464 9484 9504 9524 9544 9564 9584 9604 9624 9644 9664 9684 9704 9724 9744 9764 9784 9804 9824 9844 9864 9883 9903 9923 9943 9963 9983 10003 10033
Prokocim Szpital  8973 9001 9033 9063 9093 9123 9154 9184 9206 9226 9246 9266 9286 9306 9326 9346 9366 9386 9406 9426 9446 9466 9486 9506 9526 9546 9566 9586 9606 9626 9646 9666 9686 9706 9726 9746 9766 9786 9806 9826 9846 9866 9885 9905 9925 9945 9965 9985 10005 10035
Teligi  8975 9003 9035 9065 9095 9125 9156 9186 9208 9228 9248 9268 9288 9308 9328 9348 9368 9388 9408 9428 9448 9468 9488 9508 9528 9548 9568 9588 9608 9628 9648 9668 9688 9708 9728 9748 9768 9788 9808 9828 9848 9868 9887 9907 9927 9947 9967 9987 10007 10037
Nowy Prokocim  8976 9004 9036 9066 9096 9126 9157 9187 9209 9229 9249 9269 9289 9309 9329 9349 9369 9389 9409 9429 9449 9469 9489 9509 9529 9549 9569 9589 9609 9629 9649 9669 9689 9709 9729 9749 9769 9789 9809 9829 9849 9869 9888 9908 9928 9948 9968 9988 10008 10038
Æwikliñskiej  8978 9006 9038 9068 9098 9128 9159 9189 9211 9231 9251 9271 9291 9311 9331 9351 9371 9391 9411 9431 9451 9471 9491 9511 9531 9551 9571 9591 9611 9631 9651 9671 9691 9711 9731 9751 9771 9791 9811 9831 9851 9871 9890 9910 9930 9950 9970 9990 10010 10040
Nowy Bie¿anów  8979 9007 9039 9069 9099 9129 9160 9190 9212 9232 9252 9272 9292 9312 9332 9352 9372 9392 9412 9432 9452 9472 9492 9512 9532 9552 9572 9592 9612 9632 9652 9672 9692 9712 9732 9752 9772 9792 9812 9832 9852 9872 9891 9911 9931 9951 9971 9991 10011 10041
