Krowodrza Górka  316 339 354 374 391 406 426 446 466 486 506 526 546 566 586 606 626 646 666 686 706 726 746 766 786 806 826 846 866 888 908 928 948 968 988 1008 1028 1058 1079 1099 1118 1138 1158 1175 1195 1215 1236 1256 1278 1300 1320 1340 1362 1382
Bratys³awska  317 340 355 375 392 407 427 447 467 487 507 527 547 567 587 607 627 647 667 687 707 727 747 767 787 807 827 847 867 889 909 929 949 969 989 1009 1029 1059 1080 1100 1119 1139 1159 1176 1196 1216 1237 1257 1279 1301 1321 1341 1363 1383
Szpital Narutowicza  318 341 356 376 393 408 428 448 468 488 508 528 548 568 588 608 628 648 668 688 708 728 748 768 788 808 828 848 868 890 910 930 950 970 990 1010 1030 1060 1081 1101 1120 1140 1160 1177 1197 1217 1238 1258 1280 1302 1322 1342 1364 1384
Dworzec Towarowy  320 343 358 378 395 410 430 450 470 490 510 530 550 570 590 610 630 650 670 690 710 730 750 770 790 810 830 850 870 892 912 932 952 972 992 1012 1032 1062 1083 1103 1122 1142 1162 1179 1199 1219 1240 1260 1282 1304 1324 1344 1366 1386
Politechnika  322 345 360 380 397 412 432 452 472 492 512 532 552 572 592 612 632 652 672 692 712 732 752 772 792 812 832 852 872 894 914 934 954 974 994 1014 1034 1064 1085 1105 1124 1144 1164 1181 1201 1221 1242 1262 1284 1306 1326 1346 1368 1388
Dworzec G³ówny Tunel  323 346 361 381 398 413 433 453 473 493 513 533 553 573 593 613 633 653 673 693 713 733 753 773 793 813 833 853 873 895 915 935 955 975 995 1015 1035 1065 1086 1106 1125 1145 1165 1182 1202 1222 1243 1263 1285 1307 1327 1347 1369 1389
Rondo Mogilskie  327 350 365 385 402 417 437 457 477 497 517 537 557 577 597 617 637 657 677 697 717 737 757 777 797 817 837 857 877 899 919 939 959 979 999 1019 1039 1069 1090 1110 1129 1149 1169 1186 1206 1226 1247 1267 1289 1311 1331 1351 1373 1393
Cystersów  328 351 366 386 403 418 438 458 478 498 518 538 558 578 598 618 638 658 678 698 718 738 758 778 798 818 838 858 878 900 920 940 960 980 1000 1020 1040 1070 1091 1111 1130 1150 1170 1187 1207 1227 1248 1268 1290 1312 1332 1352 1374 1394
Bia³ucha  330 353 368 388 405 420 440 460 480 500 520 540 560 580 600 620 640 660 680 700 720 740 760 780 800 820 840 860 880 902 922 942 962 982 1002 1022 1042 1072 1093 1113 1132 1152 1172 1189 1209 1229 1250 1270 1292 1314 1334 1354 1376 1396
Tauron Arena Kraków Wieczysta  332 355 370 390 407 422 442 462 482 502 522 542 562 582 602 622 642 662 682 702 722 742 762 782 802 822 842 862 882 904 924 944 964 984 1004 1024 1044 1074 1095 1115 1134 1154 1174 1191 1211 1231 1252 1272 1294 1316 1336 1356 1378 1398
Muzeum Lotnictwa  333 356 371 391 408 423 443 463 483 503 523 543 563 583 603 623 643 663 683 703 723 743 763 783 803 823 843 863 883 905 925 945 965 985 1005 1025 1045 1075 1096 1116 1135 1155 1175 1192 1212 1232 1253 1273 1295 1317 1337 1357 1379 1399
Awf  335 358 373 393 410 425 445 465 485 505 525 545 565 585 605 625 645 665 685 705 725 745 765 785 805 825 845 865 885 907 927 947 967 987 1007 1027 1047 1077 1098 1118 1137 1157 1177 1194 1214 1234 1255 1275 1297 1319 1339 1359 1381 1401
Stella-Sawickiego  337 360 375 395 412 427 447 467 487 507 527 547 567 587 607 627 647 667 687 707 727 747 767 787 807 827 847 867 887 909 929 949 969 989 1009 1029 1049 1079 1100 1120 1139 1159 1179 1196 1216 1236 1257 1277 1299 1321 1341 1361 1382 1402
Czy¿yny  338 361 376 396 413 428 448 468 488 508 528 548 568 588 608 628 648 668 688 708 728 748 768 788 808 828 848 868 888 910 930 950 970 990 1010 1030 1050 1080 1101 1121 1140 1160 1180 1197 1217 1237 1258 1278 1300 1322 1342 1362 1383 1403
Rondo Czy¿yñskie  341 364 379 399 416 431 451 471 491 511 531 551 571 591 611 631 651 671 691 711 731 751 771 791 811 831 851 871 891 913 933 953 973 993 1013 1033 1053 1083 1104 1124 1143 1163 1183 1200 1220 1240 1261 1281 1303 1325 1345 1365 1386 1406
Bieñczycka  342 365 380 400 417 432 452 472 492 512 532 552 572 592 612 632 652 672 692 712 732 752 772 792 812 832 852 872 892 914 934 954 974 994 1014 1034 1054 1084 1105 1125 1144 1164 1184 1201 1221 1241 1262 1282 1304 1326 1346 1366 1387 1407
Rondo Kocmyrzowskie im. Ks. Gorzelanego  345 368 383 403 420 435 455 475 495 515 535 555 575 595 615 635 655 675 695 715 735 755 775 795 815 835 855 875 895 917 937 957 977 997 1017 1037 1057 1087 1108 1128 1147 1167 1187 1204 1224 1244 1265 1285 1307 1329 1349 1369 1390 1410
Teatr Ludowy  346 369 384 404 421 436 456 476 496 516 536 556 576 596 616 636 656 676 696 716 736 756 776 796 816 836 856 876 896 918 938 958 978 998 1018 1038 1058 1088 1109 1129 1148 1168 1188 1205 1225 1245 1266 1286 1308 1330 1350 1370 1391 1411
Cienista  347 370 385 405 422 437 457 477 497 517 537 557 577 597 617 637 657 677 697 717 737 757 777 797 817 837 857 877 897 919 939 959 979 999 1019 1039 1059 1089 1110 1130 1149 1169 1189 1206 1226 1246 1267 1287 1309 1331 1351 1371 1392 1412
Wañkowicza  349 372 387 407 424 439 459 479 499 519 539 559 579 599 619 639 659 679 699 719 739 759 779 799 819 839 859 879 899 921 941 961 981 1001 1021 1041 1061 1091 1112 1132 1151 1171 1191 1208 1228 1248 1269 1289 1311 1333 1353 1373 1394 1414
Wiadukty  351 374 389 409 426 441 461 481 501 521 541 561 581 601 621 641 661 681 701 721 741 761 781 801 821 841 861 881 901 923 943 963 983 1003 1023 1043 1063 1093 1114 1134 1153 1173 1193 1210 1230 1250 1271 1291 1313 1335 1355 1375 1396 1416
Darwina  352 375 390 410 427 442 462 482 502 522 542 562 582 602 622 642 662 682 702 722 742 762 782 802 822 842 862 882 902 924 944 964 984 1004 1024 1044 1064 1094 1115 1135 1154 1174 1194 1211 1231 1251 1272 1292 1314 1336 1356 1376 1397 1417
Jarzêbiny  353 376 391 411 428 443 463 483 503 523 543 563 583 603 623 643 663 683 703 723 743 763 783 803 823 843 863 883 903 925 945 965 985 1005 1025 1045 1065 1095 1116 1136 1155 1175 1195 1212 1232 1252 1273 1293 1315 1337 1357 1377 1398 1418
Wzgórza Krzes³awickie  354 377 392 412 429 444 464 484 504 524 544 564 584 604 624 644 664 684 704 724 744 764 784 804 824 844 864 884 904 926 946 966 986 1006 1026 1046 1066 1096 1117 1137 1156 1176 1196 1213 1233 1253 1274 1294 1316 1338 1358 1378 1399 1419
