Krowodrza Górka  8966 8994 9024 9054 9084 9114 9144 9176 9196 9216 9236 9256 9276 9296 9316 9336 9356 9376 9396 9416 9436 9456 9476 9496 9516 9536 9556 9576 9596 9616 9636 9656 9676 9696 9716 9736 9756 9776 9796 9816 9835 9855 9875 9895 9915 9935 9955 9975 9995 10025
Bratys³awska  8967 8995 9025 9055 9085 9115 9145 9177 9197 9217 9237 9257 9277 9297 9317 9337 9357 9377 9397 9417 9437 9457 9477 9497 9517 9537 9557 9577 9597 9617 9637 9657 9677 9697 9717 9737 9757 9777 9797 9817 9836 9856 9876 9896 9916 9936 9956 9976 9996 10026
Szpital Narutowicza  8968 8996 9026 9056 9086 9116 9146 9178 9198 9218 9238 9258 9278 9298 9318 9338 9358 9378 9398 9418 9438 9458 9478 9498 9518 9538 9558 9578 9598 9618 9638 9658 9678 9698 9718 9738 9758 9778 9798 9818 9837 9857 9877 9897 9917 9937 9957 9977 9997 10027
Dworzec Towarowy  8970 8998 9028 9058 9088 9118 9148 9180 9200 9220 9240 9260 9280 9300 9320 9340 9360 9380 9400 9420 9440 9460 9480 9500 9520 9540 9560 9580 9600 9620 9640 9660 9680 9700 9720 9740 9760 9780 9800 9820 9839 9859 9879 9899 9919 9939 9959 9979 9999 10029
Politechnika  8972 9000 9030 9060 9090 9120 9150 9182 9202 9222 9242 9262 9282 9302 9322 9342 9362 9382 9402 9422 9442 9462 9482 9502 9522 9542 9562 9582 9602 9622 9642 9662 9682 9702 9722 9742 9762 9782 9802 9822 9841 9861 9881 9901 9921 9941 9961 9981 10001 10031
Dworzec G³ówny Tunel  8973 9001 9031 9061 9091 9121 9151 9183 9203 9223 9243 9263 9283 9303 9323 9343 9363 9383 9403 9423 9443 9463 9483 9503 9523 9543 9563 9583 9603 9623 9643 9663 9683 9703 9723 9743 9763 9783 9803 9823 9842 9862 9882 9902 9922 9942 9962 9982 10002 10032
Rondo Mogilskie  8977 9005 9035 9065 9095 9125 9155 9187 9207 9227 9247 9267 9287 9307 9327 9347 9367 9387 9407 9427 9447 9467 9487 9507 9527 9547 9567 9587 9607 9627 9647 9667 9687 9707 9727 9747 9767 9787 9807 9827 9846 9866 9886 9906 9926 9946 9966 9986 10006 10036
Cystersów  8978 9006 9036 9066 9096 9126 9156 9188 9208 9228 9248 9268 9288 9308 9328 9348 9368 9388 9408 9428 9448 9468 9488 9508 9528 9548 9568 9588 9608 9628 9648 9668 9688 9708 9728 9748 9768 9788 9808 9828 9847 9867 9887 9907 9927 9947 9967 9987 10007 10037
Bia³ucha  8980 9008 9038 9068 9098 9128 9158 9190 9210 9230 9250 9270 9290 9310 9330 9350 9370 9390 9410 9430 9450 9470 9490 9510 9530 9550 9570 9590 9610 9630 9650 9670 9690 9710 9730 9750 9770 9790 9810 9830 9849 9869 9889 9909 9929 9949 9969 9989 10009 10039
Tauron Arena Kraków Wieczysta  8982 9010 9040 9070 9100 9130 9160 9192 9212 9232 9252 9272 9292 9312 9332 9352 9372 9392 9412 9432 9452 9472 9492 9512 9532 9552 9572 9592 9612 9632 9652 9672 9692 9712 9732 9752 9772 9792 9812 9832 9851 9871 9891 9911 9931 9951 9971 9991 10011 10041
Muzeum Lotnictwa  8983 9011 9041 9071 9101 9131 9161 9193 9213 9233 9253 9273 9293 9313 9333 9353 9373 9393 9413 9433 9453 9473 9493 9513 9533 9553 9573 9593 9613 9633 9653 9673 9693 9713 9733 9753 9773 9793 9813 9833 9852 9872 9892 9912 9932 9952 9972 9992 10012 10042
Awf  8985 9013 9043 9073 9103 9133 9163 9195 9215 9235 9255 9275 9295 9315 9335 9355 9375 9395 9415 9435 9455 9475 9495 9515 9535 9555 9575 9595 9615 9635 9655 9675 9695 9715 9735 9755 9775 9795 9815 9835 9854 9874 9894 9914 9934 9954 9974 9994 10014 10044
Stella-Sawickiego  8986 9014 9044 9074 9104 9134 9164 9196 9216 9236 9256 9276 9296 9316 9336 9356 9376 9396 9416 9436 9456 9476 9496 9516 9536 9556 9576 9596 9616 9636 9656 9676 9696 9716 9736 9756 9776 9796 9816 9836 9855 9875 9895 9915 9935 9955 9975 9995 10015 10045
Czy¿yny  8987 9015 9045 9075 9105 9135 9165 9197 9217 9237 9257 9277 9297 9317 9337 9357 9377 9397 9417 9437 9457 9477 9497 9517 9537 9557 9577 9597 9617 9637 9657 9677 9697 9717 9737 9757 9777 9797 9817 9837 9856 9876 9896 9916 9936 9956 9976 9996 10016 10046
Rondo Czy¿yñskie  8990 9018 9048 9078 9108 9138 9168 9200 9220 9240 9260 9280 9300 9320 9340 9360 9380 9400 9420 9440 9460 9480 9500 9520 9540 9560 9580 9600 9620 9640 9660 9680 9700 9720 9740 9760 9780 9800 9820 9840 9859 9879 9899 9919 9939 9959 9979 9999 10019 10049
Bieñczycka  8991 9019 9049 9079 9109 9139 9169 9201 9221 9241 9261 9281 9301 9321 9341 9361 9381 9401 9421 9441 9461 9481 9501 9521 9541 9561 9581 9601 9621 9641 9661 9681 9701 9721 9741 9761 9781 9801 9821 9841 9860 9880 9900 9920 9940 9960 9980 10000 10020 10050
Rondo Kocmyrzowskie im. Ks. Gorzelanego  8994 9022 9052 9082 9112 9142 9172 9204 9224 9244 9264 9284 9304 9324 9344 9364 9384 9404 9424 9444 9464 9484 9504 9524 9544 9564 9584 9604 9624 9644 9664 9684 9704 9724 9744 9764 9784 9804 9824 9844 9863 9883 9903 9923 9943 9963 9983 10003 10023 10053
Teatr Ludowy  8995 9023 9053 9083 9113 9143 9173 9205 9225 9245 9265 9285 9305 9325 9345 9365 9385 9405 9425 9445 9465 9485 9505 9525 9545 9565 9585 9605 9625 9645 9665 9685 9705 9725 9745 9765 9785 9805 9825 9845 9864 9884 9904 9924 9944 9964 9984 10004 10024 10054
Cienista  8996 9024 9054 9084 9114 9144 9174 9206 9226 9246 9266 9286 9306 9326 9346 9366 9386 9406 9426 9446 9466 9486 9506 9526 9546 9566 9586 9606 9626 9646 9666 9686 9706 9726 9746 9766 9786 9806 9826 9846 9865 9885 9905 9925 9945 9965 9985 10005 10025 10055
Wañkowicza  8998 9026 9056 9086 9116 9146 9176 9208 9228 9248 9268 9288 9308 9328 9348 9368 9388 9408 9428 9448 9468 9488 9508 9528 9548 9568 9588 9608 9628 9648 9668 9688 9708 9728 9748 9768 9788 9808 9828 9848 9867 9887 9907 9927 9947 9967 9987 10007 10027 10057
Wiadukty  9000 9028 9058 9088 9118 9148 9178 9210 9230 9250 9270 9290 9310 9330 9350 9370 9390 9410 9430 9450 9470 9490 9510 9530 9550 9570 9590 9610 9630 9650 9670 9690 9710 9730 9750 9770 9790 9810 9830 9850 9869 9889 9909 9929 9949 9969 9989 10009 10029 10059
Darwina  9001 9029 9059 9089 9119 9149 9179 9211 9231 9251 9271 9291 9311 9331 9351 9371 9391 9411 9431 9451 9471 9491 9511 9531 9551 9571 9591 9611 9631 9651 9671 9691 9711 9731 9751 9771 9791 9811 9831 9851 9870 9890 9910 9930 9950 9970 9990 10010 10030 10060
Jarzêbiny  9002 9030 9060 9090 9120 9150 9180 9212 9232 9252 9272 9292 9312 9332 9352 9372 9392 9412 9432 9452 9472 9492 9512 9532 9552 9572 9592 9612 9632 9652 9672 9692 9712 9732 9752 9772 9792 9812 9832 9852 9871 9891 9911 9931 9951 9971 9991 10011 10031 10061
Wzgórza Krzes³awickie  9003 9031 9061 9091 9121 9151 9181 9213 9233 9253 9273 9293 9313 9333 9353 9373 9393 9413 9433 9453 9473 9493 9513 9533 9553 9573 9593 9613 9633 9653 9673 9693 9713 9733 9753 9773 9793 9813 9833 9853 9872 9892 9912 9932 9952 9972 9992 10012 10032 10062
