Kurdwanów  299 320 338 359 377 400 420 430 450 470 490 510 530 550 570 589 609 629 649 669 689 705 725 745 765 785 805 830 850 870 889 909 929 949 969 989 1009 1029 1049 1070 1090 1110 1130 1148 1168 1188 1207 1227
Witosa  300 321 339 360 378 401 421 431 451 471 491 511 531 551 571 590 610 630 650 670 690 706 726 746 766 786 806 831 851 871 890 910 930 950 970 990 1010 1030 1050 1071 1091 1111 1131 1149 1169 1189 1208 1228
Nowos¹decka  301 322 340 361 379 402 422 432 452 472 492 512 532 552 572 591 611 631 651 671 691 707 727 747 767 787 807 832 852 872 891 911 931 951 971 991 1011 1031 1051 1072 1092 1112 1132 1150 1170 1190 1209 1229
Piaski Nowe  302 323 341 362 380 403 423 433 453 473 493 513 533 553 573 592 612 632 652 672 692 708 728 748 768 788 808 833 853 873 892 912 932 952 972 992 1012 1032 1052 1073 1093 1113 1133 1151 1171 1191 1210 1230
Dauna  304 325 343 364 382 405 425 435 455 475 495 515 535 555 575 594 614 634 654 674 694 710 730 750 770 790 810 835 855 875 894 914 934 954 974 994 1014 1034 1054 1075 1095 1115 1135 1153 1173 1193 1212 1232
Bie¿anowska  306 327 345 366 384 407 427 437 457 477 497 517 537 557 577 596 616 636 656 676 696 712 732 752 772 792 812 837 857 877 896 916 936 956 976 996 1016 1036 1056 1077 1097 1117 1137 1155 1175 1195 1214 1234
Kabel  307 328 346 367 385 408 428 438 458 478 498 518 538 558 578 597 617 637 657 677 697 713 733 753 773 793 813 838 858 878 897 917 937 957 977 997 1017 1037 1057 1078 1098 1118 1138 1156 1176 1196 1215 1235
Dworcowa  309 330 348 369 387 410 430 440 460 480 500 520 540 560 580 599 619 639 659 679 699 715 735 755 775 795 815 840 860 880 899 919 939 959 979 999 1019 1039 1059 1080 1100 1120 1140 1158 1178 1198 1217 1237
Cmentarz Podgórski  311 332 350 371 389 412 432 442 462 482 502 522 542 562 582 601 621 641 661 681 701 717 737 757 777 797 817 842 862 882 901 921 941 961 981 1001 1021 1041 1061 1082 1102 1122 1142 1160 1180 1200 1219 1239
Powstañców Wielkopolskich  313 334 352 373 391 414 434 444 464 484 504 524 544 564 584 603 623 643 663 683 703 719 739 759 779 799 819 844 864 884 903 923 943 963 983 1003 1023 1043 1063 1084 1104 1124 1144 1162 1182 1202 1221 1241
Limanowskiego  315 336 354 375 393 416 436 446 466 486 506 526 546 566 586 605 625 645 665 685 705 721 741 761 781 801 821 846 866 886 905 925 945 965 985 1005 1025 1045 1065 1086 1106 1126 1146 1164 1184 1204 1223 1243
Korona  318 339 357 378 396 419 439 449 469 489 509 529 549 569 589 608 628 648 668 688 708 724 744 764 784 804 824 849 869 889 908 928 948 968 988 1008 1028 1048 1068 1089 1109 1129 1149 1167 1187 1207 1226 1246
Plac Wolnica  319 340 358 379 397 420 440 450 470 490 510 530 550 570 590 609 629 649 669 689 709 725 745 765 785 805 825 850 870 890 909 929 949 969 989 1009 1029 1049 1069 1090 1110 1130 1150 1168 1188 1208 1227 1247
Stradom  321 342 360 381 399 422 442 452 472 492 512 532 552 572 592 611 631 651 671 691 711 727 747 767 787 807 827 852 872 892 911 931 951 971 991 1011 1031 1051 1071 1092 1112 1132 1152 1170 1190 1210 1229 1249
Wawel  323 344 362 383 401 424 444 454 474 494 514 534 554 574 594 613 633 653 673 693 713 729 749 769 789 809 829 854 874 894 913 933 953 973 993 1013 1033 1053 1073 1094 1114 1134 1154 1172 1192 1212 1231 1251
Œw. Gertrudy  324 345 363 384 402 425 445 455 475 495 515 535 555 575 595 614 634 654 674 694 714 730 750 770 790 810 830 855 875 895 914 934 954 974 994 1014 1034 1054 1074 1095 1115 1135 1155 1173 1193 1213 1232 1252
Plac Wszystkich Œwiêtych  326 347 365 386 404 427 447 457 477 497 517 537 557 577 597 616 636 656 676 696 716 732 752 772 792 812 832 857 877 897 916 936 956 976 996 1016 1036 1056 1076 1097 1117 1137 1157 1175 1195 1215 1234 1254
Filharmonia  328 349 367 388 406 429 449 459 479 499 519 539 559 579 599 618 638 658 678 698 718 734 754 774 794 814 834 859 879 899 918 938 958 978 998 1018 1038 1058 1078 1099 1119 1139 1159 1177 1197 1217 1236 1256
Jubilat  330 351 369 390 408 431 451 461 481 501 521 541 561 581 601 620 640 660 680 700 720 736 756 776 796 816 836 861 881 901 920 940 960 980 1000 1020 1040 1060 1080 1101 1121 1141 1161 1179 1199 1219 1238 1258
Komorowskiego  332 353 371 392 410 433 453 463 483 503 523 543 563 583 603 622 642 662 682 702 722 738 758 778 798 818 838 863 883 903 922 942 962 982 1002 1022 1042 1062 1082 1103 1123 1143 1163 1181 1201 1221 1240 1260
Salwator_2  333 354 372 393 411 434 454 464 484 504 524 544 564 584 604 623 643 663 683 703 723 739 759 779 799 819 839 864 884 904 923 943 963 983 1003 1023 1043 1063 1083 1104 1124 1144 1164 1182 1202 1222 1241 1261
Salwator_1  334 355 373 394 412 435 455 465 485 505 525 545 565 585 605 624 644 664 684 704 724 740 760 780 800 820 840 865 885 905 924 944 964 984 1004 1024 1044 1064 1084 1105 1125 1145 1165 1183 1203 1223 1242 1262
