Kurdwanów  9204 9224 9244 9264 9284 9304 9324 9344 9364 9384 9404 9424 9444 9464 9484 9504 9524 9544 9564 9584 9604 9624 9644 9664 9684 9704 9724 9744 9764
Witosa  9205 9225 9245 9265 9285 9305 9325 9345 9365 9385 9405 9425 9445 9465 9485 9505 9525 9545 9565 9585 9605 9625 9645 9665 9685 9705 9725 9745 9765
Nowos¹decka  9206 9226 9246 9266 9286 9306 9326 9346 9366 9386 9406 9426 9446 9466 9486 9506 9526 9546 9566 9586 9606 9626 9646 9666 9686 9706 9726 9746 9766
Piaski Nowe  9207 9227 9247 9267 9287 9307 9327 9347 9367 9387 9407 9427 9447 9467 9487 9507 9527 9547 9567 9587 9607 9627 9647 9667 9687 9707 9727 9747 9767
Dauna  9209 9229 9249 9269 9289 9309 9329 9349 9369 9389 9409 9429 9449 9469 9489 9509 9529 9549 9569 9589 9609 9629 9649 9669 9689 9709 9729 9749 9769
Bie¿anowska  9211 9231 9251 9271 9291 9311 9331 9351 9371 9391 9411 9431 9451 9471 9491 9511 9531 9551 9571 9591 9611 9631 9651 9671 9691 9711 9731 9751 9771
Kabel  9212 9232 9252 9272 9292 9312 9332 9352 9372 9392 9412 9432 9452 9472 9492 9512 9532 9552 9572 9592 9612 9632 9652 9672 9692 9712 9732 9752 9772
Dworcowa  9214 9234 9254 9274 9294 9314 9334 9354 9374 9394 9414 9434 9454 9474 9494 9514 9534 9554 9574 9594 9614 9634 9654 9674 9694 9714 9734 9754 9774
Cmentarz Podgórski  9216 9236 9256 9276 9296 9316 9336 9356 9376 9396 9416 9436 9456 9476 9496 9516 9536 9556 9576 9596 9616 9636 9656 9676 9696 9716 9736 9756 9776
Powstañców Wielkopolskich  9218 9238 9258 9278 9298 9318 9338 9358 9378 9398 9418 9438 9458 9478 9498 9518 9538 9558 9578 9598 9618 9638 9658 9678 9698 9718 9738 9758 9778
Limanowskiego  9220 9240 9260 9280 9300 9320 9340 9360 9380 9400 9420 9440 9460 9480 9500 9520 9540 9560 9580 9600 9620 9640 9660 9680 9700 9720 9740 9760 9780
Korona  9222 9242 9262 9282 9302 9322 9342 9362 9382 9402 9422 9442 9462 9482 9502 9522 9542 9562 9582 9602 9622 9642 9662 9682 9702 9722 9742 9762 9782
Plac Wolnica  9223 9243 9263 9283 9303 9323 9343 9363 9383 9403 9423 9443 9463 9483 9503 9523 9543 9563 9583 9603 9623 9643 9663 9683 9703 9723 9743 9763 9783
Stradom  9225 9245 9265 9285 9305 9325 9345 9365 9385 9405 9425 9445 9465 9485 9505 9525 9545 9565 9585 9605 9625 9645 9665 9685 9705 9725 9745 9765 9785
Wawel  9227 9247 9267 9287 9307 9327 9347 9367 9387 9407 9427 9447 9467 9487 9507 9527 9547 9567 9587 9607 9627 9647 9667 9687 9707 9727 9747 9767 9787
Œw. Gertrudy  9228 9248 9268 9288 9308 9328 9348 9368 9388 9408 9428 9448 9468 9488 9508 9528 9548 9568 9588 9608 9628 9648 9668 9688 9708 9728 9748 9768 9788
Plac Wszystkich Œwiêtych  9230 9250 9270 9290 9310 9330 9350 9370 9390 9410 9430 9450 9470 9490 9510 9530 9550 9570 9590 9610 9630 9650 9670 9690 9710 9730 9750 9770 9790
Filharmonia  9232 9252 9272 9292 9312 9332 9352 9372 9392 9412 9432 9452 9472 9492 9512 9532 9552 9572 9592 9612 9632 9652 9672 9692 9712 9732 9752 9772 9792
Jubilat  9234 9254 9274 9294 9314 9334 9354 9374 9394 9414 9434 9454 9474 9494 9514 9534 9554 9574 9594 9614 9634 9654 9674 9694 9714 9734 9754 9774 9794
Komorowskiego  9236 9256 9276 9296 9316 9336 9356 9376 9396 9416 9436 9456 9476 9496 9516 9536 9556 9576 9596 9616 9636 9656 9676 9696 9716 9736 9756 9776 9796
Salwator_2  9237 9257 9277 9297 9317 9337 9357 9377 9397 9417 9437 9457 9477 9497 9517 9537 9557 9577 9597 9617 9637 9657 9677 9697 9717 9737 9757 9777 9797
Salwator_1  9238 9258 9278 9298 9318 9338 9358 9378 9398 9418 9438 9458 9478 9498 9518 9538 9558 9578 9598 9618 9638 9658 9678 9698 9718 9738 9758 9778 9798
