Borek Fałęcki 276 298 318 338 355 369 379 389 399 409 417 429 439 449 459 469 479 489 499 509 519 529 539 549 559 569 579 589 599 609 619 629 639 649 659 669 679 689 699 709 719 729 739 749 759 769 779 789 799 809 819 829 839 849 859 869 879 889 899 909 919 929 939 949 959 969 979 989 999 1009 1019 1029 1039 1049 1069 1089 1109 1129 1147 1168 1188 1208 1227 1247 1267 1287 1307 1327 1347 1360 
Borek Fałęcki I 277 299 319 339 356 370 380 390 400 410 418 430 440 450 460 470 480 490 500 510 520 530 540 550 560 570 580 590 600 610 620 630 640 650 660 670 680 690 700 710 720 730 740 750 760 770 780 790 800 810 820 830 840 850 860 870 880 890 900 910 920 930 940 950 960 970 980 990 1000 1010 1020 1030 1040 1050 1070 1090 1110 1130 1148 1169 1189 1209 1228 1248 1268 1288 1308 1328 1348 1361 
Solvay 278 300 320 340 357 371 381 391 401 411 419 431 441 451 461 471 481 491 501 511 521 531 541 551 561 571 581 591 601 611 621 631 641 651 661 671 681 691 701 711 721 731 741 751 761 771 781 791 801 811 821 831 841 851 861 871 881 891 901 911 921 931 941 951 961 971 981 991 1001 1011 1021 1031 1041 1051 1071 1091 1111 1131 1149 1170 1190 1210 1229 1249 1269 1289 1309 1329 1349 1362 
Sanktuarium Bożego Miłosierdzia 280 302 322 342 359 373 383 393 403 413 421 433 443 453 463 473 483 493 503 513 523 533 543 553 563 573 583 593 603 613 623 633 643 653 663 673 683 693 703 713 723 733 743 753 763 773 783 793 803 813 823 833 843 853 863 873 883 893 903 913 923 933 943 953 963 973 983 993 1003 1013 1023 1033 1043 1053 1073 1093 1113 1133 1151 1172 1192 1212 1231 1251 1271 1291 1311 1331 1351 1364 
Łagiewniki 260 283 305 325 345 362 376 386 396 406 416 424 436 446 456 466 476 486 496 506 516 526 536 546 556 566 576 586 596 606 616 626 636 646 656 666 676 686 696 706 716 726 736 746 756 766 776 786 796 806 816 826 836 846 856 866 876 886 896 906 916 926 936 946 956 966 976 986 996 1006 1016 1026 1036 1046 1056 1076 1096 1116 1136 1154 1175 1195 1215 1234 1254 1274 1294 1314 1334 1354 1367 
Rzemieślnicza 261 284 306 326 346 363 377 387 397 407 417 425 437 447 457 467 477 487 497 507 517 527 537 547 557 567 577 587 597 607 617 627 637 647 657 667 677 687 697 707 717 727 737 747 757 767 777 787 797 807 817 827 837 847 857 867 877 887 897 907 917 927 937 947 957 967 977 987 997 1007 1017 1027 1037 1047 1057 1077 1097 1117 1137 1155 1176 1196 1216 1235 1255 1275 1295 1315 1335 1355 1368 
Rondo Matecznego 263 286 308 328 348 365 379 389 399 409 419 427 439 449 459 469 479 489 499 509 519 529 539 549 559 569 579 589 599 609 619 629 639 649 659 669 679 689 699 709 719 729 739 749 759 769 779 789 799 809 819 829 839 849 859 869 879 889 899 909 919 929 939 949 959 969 979 989 999 1009 1019 1029 1039 1049 1059 1079 1099 1119 1139 1157 1178 1198 1218 1237 1257 1277 1297 1317 1337 1357 1370 
Smolki 264 287 309 329 349 366 380 390 400 410 420 428 440 450 460 470 480 490 500 510 520 530 540 550 560 570 580 590 600 610 620 630 640 650 660 670 680 690 700 710 720 730 740 750 760 770 780 790 800 810 820 830 840 850 860 870 880 890 900 910 920 930 940 950 960 970 980 990 1000 1010 1020 1030 1040 1050 1060 1080 1100 1120 1140 1158 1179 1199 1219 1238 1258 1278 1298 1318 1338 1358 1371 
Korona 266 289 311 331 351 368 382 392 402 412 422 430 442 452 462 472 482 492 502 512 522 532 542 552 562 572 582 592 602 612 622 632 642 652 662 672 682 692 702 712 722 732 742 752 762 772 782 792 802 812 822 832 842 852 862 872 882 892 902 912 922 932 942 952 962 972 982 992 1002 1012 1022 1032 1042 1052 1062 1082 1102 1122 1142 1160 1181 1201 1221 1240 1260 1280 1300 1320 1340 1360 1373 
Plac Wolnica 267 290 312 332 352 369 383 393 403 413 423 431 443 453 463 473 483 493 503 513 523 533 543 553 563 573 583 593 603 613 623 633 643 653 663 673 683 693 703 713 723 733 743 753 763 773 783 793 803 813 823 833 843 853 863 873 883 893 903 913 923 933 943 953 963 973 983 993 1003 1013 1023 1033 1043 1053 1063 1083 1103 1123 1143 1161 1182 1202 1222 1241 1261 1281 1301 1321 1341 1361 1374 
Stradom 269 292 314 334 354 371 385 395 405 415 425 433 445 455 465 475 485 495 505 515 525 535 545 555 565 575 585 595 605 615 625 635 645 655 665 675 685 695 705 715 725 735 745 755 765 775 785 795 805 815 825 835 845 855 865 875 885 895 905 915 925 935 945 955 965 975 985 995 1005 1015 1025 1035 1045 1055 1065 1085 1105 1125 1145 1163 1184 1204 1224 1243 1263 1283 1303 1323 1343 1363 1376 
Wawel 271 294 316 336 356 373 387 397 407 417 427 435 447 457 467 477 487 497 507 517 527 537 547 557 567 577 587 597 607 617 627 637 647 657 667 677 687 697 707 717 727 737 747 757 767 777 787 797 807 817 827 837 847 857 867 877 887 897 907 917 927 937 947 957 967 977 987 997 1007 1017 1027 1037 1047 1057 1067 1087 1107 1127 1147 1165 1186 1206 1226 1245 1265 1285 1305 1325 1345 1365 1378 
Św. Gertrudy 272 295 317 337 357 374 388 398 408 418 428 436 448 458 468 478 488 498 508 518 528 538 548 558 568 578 588 598 608 618 628 638 648 658 668 678 688 698 708 718 728 738 748 758 768 778 788 798 808 818 828 838 848 858 868 878 888 898 908 918 928 938 948 958 968 978 988 998 1008 1018 1028 1038 1048 1058 1068 1088 1108 1128 1148 1166 1187 1207 1227 1246 1266 1286 1306 1326 1346 1366 1379 
Plac Wszystkich ĹšwiÄ™tych 274 297 319 339 359 376 390 400 410 420 430 438 450 460 470 480 490 500 510 520 530 540 550 560 570 580 590 600 610 620 630 640 650 660 670 680 690 700 710 720 730 740 750 760 770 780 790 800 810 820 830 840 850 860 870 880 890 900 910 920 930 940 950 960 970 980 990 1000 1010 1020 1030 1040 1050 1060 1070 1090 1110 1130 1150 1168 1189 1209 1229 1248 1268 1288 1308 1328 1348 1368 1381 
Filharmonia 276 299 321 341 361 378 392 402 412 422 432 440 452 462 472 482 492 502 512 522 532 542 552 562 572 582 592 602 612 622 632 642 652 662 672 682 692 702 712 722 732 742 752 762 772 782 792 802 812 822 832 842 852 862 872 882 892 902 912 922 932 942 952 962 972 982 992 1002 1012 1022 1032 1042 1052 1062 1072 1092 1112 1132 1152 1170 1191 1211 1231 1250 1270 1290 1310 1330 1350 1370 1383 
Teatr Bagatela 278 301 323 343 363 380 394 404 414 424 434 442 454 464 474 484 494 504 514 524 534 544 554 564 574 584 594 604 614 624 634 644 654 664 674 684 694 704 714 724 734 744 754 764 774 784 794 804 814 824 834 844 854 864 874 884 894 904 914 924 934 944 954 964 974 984 994 1004 1014 1024 1034 1044 1054 1064 1074 1094 1114 1134 1154 1172 1193 1213 1233 1252 1272 1292 1312 1332 1352 1372 1385 
Batorego 279 302 324 344 364 381 395 405 415 425 435 443 455 465 475 485 495 505 515 525 535 545 555 565 575 585 595 605 615 625 635 645 655 665 675 685 695 705 715 725 735 745 755 765 775 785 795 805 815 825 835 845 855 865 875 885 895 905 915 925 935 945 955 965 975 985 995 1005 1015 1025 1035 1045 1055 1065 1075 1095 1115 1135 1155 1173 1194 1214 1234 1253 1273 1293 1313 1333 1353 1373 1386 
Plac Inwalidów 281 304 326 346 366 383 397 407 417 427 437 445 457 467 477 487 497 507 517 527 537 547 557 567 577 587 597 607 617 627 637 647 657 667 677 687 697 707 717 727 737 747 757 767 777 787 797 807 817 827 837 847 857 867 877 887 897 907 917 927 937 947 957 967 977 987 997 1007 1017 1027 1037 1047 1057 1067 1077 1097 1117 1137 1157 1175 1196 1216 1236 1255 1275 1295 1315 1335 1355 1375 1388 
Urzędnicza 282 305 327 347 367 384 398 408 418 428 438 446 458 468 478 488 498 508 518 528 538 548 558 568 578 588 598 608 618 628 638 648 658 668 678 688 698 708 718 728 738 748 758 768 778 788 798 808 818 828 838 848 858 868 878 888 898 908 918 928 938 948 958 968 978 988 998 1008 1018 1028 1038 1048 1058 1068 1078 1098 1118 1138 1158 1176 1197 1217 1237 1256 1276 1296 1316 1336 1356 1376 1389 
Biprostal 283 307 329 349 369 386 400 410 420 430 440 448 460 470 480 490 500 510 520 530 540 550 560 570 580 590 600 610 620 630 640 650 660 670 680 690 700 710 720 730 740 750 760 770 780 790 800 810 820 830 840 850 860 870 880 890 900 910 920 930 940 950 960 970 980 990 1000 1010 1020 1030 1040 1050 1060 1070 1080 1100 1120 1140 1160 1178 1199 1219 1239 1258 1278 1298 1318 1338 1358 1378 1390 
Uniwersytet Pedagogiczny 284 308 330 350 370 387 401 411 421 431 441 449 461 471 481 491 501 511 521 531 541 551 561 571 581 591 601 611 621 631 641 651 661 671 681 691 701 711 721 731 741 751 761 771 781 791 801 811 821 831 841 851 861 871 881 891 901 911 921 931 941 951 961 971 981 991 1001 1011 1021 1031 1041 1051 1061 1071 1081 1101 1121 1141 1161 1179 1200 1220 1240 1259 1279 1299 1319 1339 1359 1379 1391 
Głowackiego 285 309 331 351 371 388 402 412 422 432 442 450 462 472 482 492 502 512 522 532 542 552 562 572 582 592 602 612 622 632 642 652 662 672 682 692 702 712 722 732 742 752 762 772 782 792 802 812 822 832 842 852 862 872 882 892 902 912 922 932 942 952 962 972 982 992 1002 1012 1022 1032 1042 1052 1062 1072 1082 1102 1122 1142 1162 1180 1201 1221 1241 1260 1280 1300 1320 1340 1360 1380 1392 
Bronowice 287 311 333 353 373 390 404 414 424 434 444 452 464 474 484 494 504 514 524 534 544 554 564 574 584 594 604 614 624 634 644 654 664 674 684 694 704 714 724 734 744 754 764 774 784 794 804 814 824 834 844 854 864 874 884 894 904 914 924 934 944 954 964 974 984 994 1004 1014 1024 1034 1044 1054 1064 1074 1084 1104 1124 1144 1164 1182 1203 1223 1243 1262 1282 1302 1322 1342 1362 1382 1394 
Wesele 288 312 334 354 374 391 405 415 425 435 445 453 465 475 485 495 505 515 525 535 545 555 565 575 585 595 605 615 625 635 645 655 665 675 685 695 705 715 725 735 745 755 765 775 785 795 805 815 825 835 845 855 865 875 885 895 905 915 925 935 945 955 965 975 985 995 1005 1015 1025 1035 1045 1055 1065 1075 1085 1105 1125 1145 1165 1183 1204 1224 1244 1263 1283 1303 1323 1343 1363 1383 1395 
Balicka Wiadukt 290 314 336 356 376 393 407 417 427 437 447 455 467 477 487 497 507 517 527 537 547 557 567 577 587 597 607 617 627 637 647 657 667 677 687 697 707 717 727 737 747 757 767 777 787 797 807 817 827 837 847 857 867 877 887 897 907 917 927 937 947 957 967 977 987 997 1007 1017 1027 1037 1047 1057 1067 1077 1087 1107 1127 1147 1167 1185 1206 1226 1246 1265 1285 1305 1325 1345 1365 1385 1397 
Bronowice Małe 291 315 337 357 377 394 408 418 428 438 448 456 468 478 488 498 508 518 528 538 548 558 568 578 588 598 608 618 628 638 648 658 668 678 688 698 708 718 728 738 748 758 768 778 788 798 808 818 828 838 848 858 868 878 888 898 908 918 928 938 948 958 968 978 988 998 1008 1018 1028 1038 1048 1058 1068 1078 1088 1108 1128 1148 1168 1186 1207 1227 1247 1266 1286 1306 1326 1346 1366 1386 1398 
