Wzgórza Krzes³awickie  282 303 323 341 354 364 374 385 395 405 415 425 435 445 455 465 475 485 495 505 515 525 535 545 555 565 575 585 595 605 615 625 635 645 655 665 675 685 695 705 715 725 735 745 755 765 775 785 795 805 815 825 835 845 855 865 875 885 895 905 915 925 935 945 955 965 975 985 995 1005 1015 1025 1035 1045 1055 1065 1075 1085 1104 1124 1144 1164 1184 1204 1224 1244 1264 1284 1304 1324 1352
Jarzêbiny  283 304 324 342 355 365 375 386 396 406 416 426 436 446 456 466 476 486 496 506 516 526 536 546 556 566 576 586 596 606 616 626 636 646 656 666 676 686 696 706 716 726 736 746 756 766 776 786 796 806 816 826 836 846 856 866 876 886 896 906 916 926 936 946 956 966 976 986 996 1006 1016 1026 1036 1046 1056 1066 1076 1086 1105 1125 1145 1165 1185 1205 1225 1245 1265 1285 1305 1325 1353
Darwina  284 305 325 343 356 366 376 387 397 407 417 427 437 447 457 467 477 487 497 507 517 527 537 547 557 567 577 587 597 607 617 627 637 647 657 667 677 687 697 707 717 727 737 747 757 767 777 787 797 807 817 827 837 847 857 867 877 887 897 907 917 927 937 947 957 967 977 987 997 1007 1017 1027 1037 1047 1057 1067 1077 1087 1106 1126 1146 1166 1186 1206 1226 1246 1266 1286 1306 1326 1354
Wiadukty  285 306 326 344 357 367 377 388 398 408 418 428 438 448 458 468 478 488 498 508 518 528 538 548 558 568 578 588 598 608 618 628 638 648 658 668 678 688 698 708 718 728 738 748 758 768 778 788 798 808 818 828 838 848 858 868 878 888 898 908 918 928 938 948 958 968 978 988 998 1008 1018 1028 1038 1048 1058 1068 1078 1088 1107 1127 1147 1167 1187 1207 1227 1247 1267 1287 1307 1327 1355
Wañkowicza  272 287 308 328 346 359 369 379 390 400 410 420 430 440 450 460 470 480 490 500 510 520 530 540 550 560 570 580 590 600 610 620 630 640 650 660 670 680 690 700 710 720 730 740 750 760 770 780 790 800 810 820 830 840 850 860 870 880 890 900 910 920 930 940 950 960 970 980 990 1000 1010 1020 1030 1040 1050 1060 1070 1080 1090 1109 1129 1149 1169 1189 1209 1229 1249 1269 1289 1309 1329 1357
Cienista  273 288 309 329 347 360 370 380 391 401 411 421 431 441 451 461 471 481 491 501 511 521 531 541 551 561 571 581 591 601 611 621 631 641 651 661 671 681 691 701 711 721 731 741 751 761 771 781 791 801 811 821 831 841 851 861 871 881 891 901 911 921 931 941 951 961 971 981 991 1001 1011 1021 1031 1041 1051 1061 1071 1081 1091 1110 1130 1150 1170 1190 1210 1230 1250 1270 1290 1310 1330 1358
Teatr Ludowy  275 290 311 331 349 362 372 382 393 403 413 423 433 443 453 463 473 483 493 503 513 523 533 543 553 563 573 583 593 603 613 623 633 643 653 663 673 683 693 703 713 723 733 743 753 763 773 783 793 803 813 823 833 843 853 863 873 883 893 903 913 923 933 943 953 963 973 983 993 1003 1013 1023 1033 1043 1053 1063 1073 1083 1093 1112 1132 1152 1172 1192 1212 1232 1252 1272 1292 1312 1332 1360
Rondo Kocmyrzowskie im. Ks. Gorzelanego  277 292 313 333 351 364 374 384 395 405 415 425 435 445 455 465 475 485 495 505 515 525 535 545 555 565 575 585 595 605 615 625 635 645 655 665 675 685 695 705 715 725 735 745 755 765 775 785 795 805 815 825 835 845 855 865 875 885 895 905 915 925 935 945 955 965 975 985 995 1005 1015 1025 1035 1045 1055 1065 1075 1085 1095 1114 1134 1154 1174 1194 1214 1234 1254 1274 1294 1314 1334 1362
Bieñczycka  278 293 314 334 352 365 375 385 396 406 416 426 436 446 456 466 476 486 496 506 516 526 536 546 556 566 576 586 596 606 616 626 636 646 656 666 676 686 696 706 716 726 736 746 756 766 776 786 796 806 816 826 836 846 856 866 876 886 896 906 916 926 936 946 956 966 976 986 996 1006 1016 1026 1036 1046 1056 1066 1076 1086 1096 1115 1135 1155 1175 1195 1215 1235 1255 1275 1295 1315 1335 1363
Rondo Czy¿yñskie  281 296 317 337 355 368 378 388 399 409 419 429 439 449 459 469 479 489 499 509 519 529 539 549 559 569 579 589 599 609 619 629 639 649 659 669 679 689 699 709 719 729 739 749 759 769 779 789 799 809 819 829 839 849 859 869 879 889 899 909 919 929 939 949 959 969 979 989 999 1009 1019 1029 1039 1049 1059 1069 1079 1089 1099 1118 1138 1158 1178 1198 1218 1238 1258 1278 1298 1318 1338 1366
Centralna  282 297 318 338 356 369 379 389 400 410 420 430 440 450 460 470 480 490 500 510 520 530 540 550 560 570 580 590 600 610 620 630 640 650 660 670 680 690 700 710 720 730 740 750 760 770 780 790 800 810 820 830 840 850 860 870 880 890 900 910 920 930 940 950 960 970 980 990 1000 1010 1020 1030 1040 1050 1060 1070 1080 1090 1100 1119 1139 1159 1179 1199 1219 1239 1259 1279 1299 1319 1339 1367
Rondo 308. Dywizjonu  283 298 319 339 357 370 380 390 401 411 421 431 441 451 461 471 481 491 501 511 521 531 541 551 561 571 581 591 601 611 621 631 641 651 661 671 681 691 701 711 721 731 741 751 761 771 781 791 801 811 821 831 841 851 861 871 881 891 901 911 921 931 941 951 961 971 981 991 1001 1011 1021 1031 1041 1051 1061 1071 1081 1091 1101 1120 1140 1160 1180 1200 1220 1240 1260 1280 1300 1320 1340 1368
M1 Al. Pokoju  285 300 321 341 359 372 382 392 403 413 423 433 443 453 463 473 483 493 503 513 523 533 543 553 563 573 583 593 603 613 623 633 643 653 663 673 683 693 703 713 723 733 743 753 763 773 783 793 803 813 823 833 843 853 863 873 883 893 903 913 923 933 943 953 963 973 983 993 1003 1013 1023 1033 1043 1053 1063 1073 1083 1093 1103 1122 1142 1162 1182 1202 1222 1242 1262 1282 1302 1322 1342 1370
Tauron Arena Kraków al. Pokoju  286 301 322 342 360 373 383 393 404 414 424 434 444 454 464 474 484 494 504 514 524 534 544 554 564 574 584 594 604 614 624 634 644 654 664 674 684 694 704 714 724 734 744 754 764 774 784 794 804 814 824 834 844 854 864 874 884 894 904 914 924 934 944 954 964 974 984 994 1004 1014 1024 1034 1044 1054 1064 1074 1084 1094 1104 1123 1143 1163 1183 1203 1223 1243 1263 1283 1303 1323 1343 1371
Plaza  287 303 324 344 362 375 385 395 406 416 426 436 446 456 466 476 486 496 506 516 526 536 546 556 566 576 586 596 606 616 626 636 646 656 666 676 686 696 706 716 726 736 746 756 766 776 786 796 806 816 826 836 846 856 866 876 886 896 906 916 926 936 946 956 966 976 986 996 1006 1016 1026 1036 1046 1056 1066 1076 1086 1096 1106 1125 1145 1165 1185 1205 1225 1245 1265 1285 1305 1325 1345 1373
D¹bie  289 305 326 346 364 377 387 397 408 418 428 438 448 458 468 478 488 498 508 518 528 538 548 558 568 578 588 598 608 618 628 638 648 658 668 678 688 698 708 718 728 738 748 758 768 778 788 798 808 818 828 838 848 858 868 878 888 898 908 918 928 938 948 958 968 978 988 998 1008 1018 1028 1038 1048 1058 1068 1078 1088 1098 1108 1127 1147 1167 1187 1207 1227 1247 1267 1287 1307 1327 1347 1375
Ofiar D¹bia  290 306 327 347 365 378 388 398 409 419 429 439 449 459 469 479 489 499 509 519 529 539 549 559 569 579 589 599 609 619 629 639 649 659 669 679 689 699 709 719 729 739 749 759 769 779 789 799 809 819 829 839 849 859 869 879 889 899 909 919 929 939 949 959 969 979 989 999 1009 1019 1029 1039 1049 1059 1069 1079 1089 1099 1109 1128 1148 1168 1188 1208 1228 1248 1268 1288 1308 1328 1348 1376
Fabryczna  291 307 328 348 366 379 389 399 410 420 430 440 450 460 470 480 490 500 510 520 530 540 550 560 570 580 590 600 610 620 630 640 650 660 670 680 690 700 710 720 730 740 750 760 770 780 790 800 810 820 830 840 850 860 870 880 890 900 910 920 930 940 950 960 970 980 990 1000 1010 1020 1030 1040 1050 1060 1070 1080 1090 1100 1110 1129 1149 1169 1189 1209 1229 1249 1269 1289 1309 1329 1349 1377
Francesco Nullo  292 308 329 349 367 380 390 400 411 421 431 441 451 461 471 481 491 501 511 521 531 541 551 561 571 581 591 601 611 621 631 641 651 661 671 681 691 701 711 721 731 741 751 761 771 781 791 801 811 821 831 841 851 861 871 881 891 901 911 921 931 941 951 961 971 981 991 1001 1011 1021 1031 1041 1051 1061 1071 1081 1091 1101 1111 1130 1150 1170 1190 1210 1230 1250 1270 1290 1310 1330 1350 1378
Teatr Variete  293 309 330 350 368 381 391 401 412 422 432 442 452 462 472 482 492 502 512 522 532 542 552 562 572 582 592 602 612 622 632 642 652 662 672 682 692 702 712 722 732 742 752 762 772 782 792 802 812 822 832 842 852 862 872 882 892 902 912 922 932 942 952 962 972 982 992 1002 1012 1022 1032 1042 1052 1062 1072 1082 1092 1102 1112 1131 1151 1171 1191 1211 1231 1251 1271 1291 1311 1331 1351 1379
Rondo Grzegórzeckie  296 312 333 353 371 384 394 404 415 425 435 445 455 465 475 485 495 505 515 525 535 545 555 565 575 585 595 605 615 625 635 645 655 665 675 685 695 705 715 725 735 745 755 765 775 785 795 805 815 825 835 845 855 865 875 885 895 905 915 925 935 945 955 965 975 985 995 1005 1015 1025 1035 1045 1055 1065 1075 1085 1095 1105 1115 1134 1154 1174 1194 1214 1234 1254 1274 1294 1314 1334 1354 1382
Hala Targowa  298 314 335 355 373 386 396 406 417 427 437 447 457 467 477 487 497 507 517 527 537 547 557 567 577 587 597 607 617 627 637 647 657 667 677 687 697 707 717 727 737 747 757 767 777 787 797 807 817 827 837 847 857 867 877 887 897 907 917 927 937 947 957 967 977 987 997 1007 1017 1027 1037 1047 1057 1067 1077 1087 1097 1107 1117 1136 1156 1176 1196 1216 1236 1256 1276 1296 1316 1336 1356 1384
Starowiœlna  299 316 337 357 375 388 398 408 419 429 439 449 459 469 479 489 499 509 519 529 539 549 559 569 579 589 599 609 619 629 639 649 659 669 679 689 699 709 719 729 739 749 759 769 779 789 799 809 819 829 839 849 859 869 879 889 899 909 919 929 939 949 959 969 979 989 999 1009 1019 1029 1039 1049 1059 1069 1079 1089 1099 1109 1119 1138 1158 1178 1198 1218 1238 1258 1278 1298 1318 1338 1358 1385
Poczta G³ówna  301 319 340 360 378 391 401 411 422 432 442 452 462 472 482 492 502 512 522 532 542 552 562 572 582 592 602 612 622 632 642 652 662 672 682 692 702 712 722 732 742 752 762 772 782 792 802 812 822 832 842 852 862 872 882 892 902 912 922 932 942 952 962 972 982 992 1002 1012 1022 1032 1042 1052 1062 1072 1082 1092 1102 1112 1122 1141 1161 1181 1201 1221 1241 1261 1281 1301 1321 1341 1361 1387
Plac Wszystkich Œwiêtych  303 321 342 362 380 393 403 413 424 434 444 454 464 474 484 494 504 514 524 534 544 554 564 574 584 594 604 614 624 634 644 654 664 674 684 694 704 714 724 734 744 754 764 774 784 794 804 814 824 834 844 854 864 874 884 894 904 914 924 934 944 954 964 974 984 994 1004 1014 1024 1034 1044 1054 1064 1074 1084 1094 1104 1114 1124 1143 1163 1183 1203 1223 1243 1263 1283 1303 1323 1343 1363 1388
Filharmonia  305 323 344 364 382 395 405 415 426 436 446 456 466 476 486 496 506 516 526 536 546 556 566 576 586 596 606 616 626 636 646 656 666 676 686 696 706 716 726 736 746 756 766 776 786 796 806 816 826 836 846 856 866 876 886 896 906 916 926 936 946 956 966 976 986 996 1006 1016 1026 1036 1046 1056 1066 1076 1086 1096 1106 1116 1126 1145 1165 1185 1205 1225 1245 1265 1285 1305 1325 1345 1365 1390
Jubilat  307 325 346 366 384 397 407 417 428 438 448 458 468 478 488 498 508 518 528 538 548 558 568 578 588 598 608 618 628 638 648 658 668 678 688 698 708 718 728 738 748 758 768 778 788 798 808 818 828 838 848 858 868 878 888 898 908 918 928 938 948 958 968 978 988 998 1008 1018 1028 1038 1048 1058 1068 1078 1088 1098 1108 1118 1128 1147 1167 1187 1207 1227 1247 1267 1287 1307 1327 1347 1367 1392
Komorowskiego  309 327 348 368 386 399 409 419 430 440 450 460 470 480 490 500 510 520 530 540 550 560 570 580 590 600 610 620 630 640 650 660 670 680 690 700 710 720 730 740 750 760 770 780 790 800 810 820 830 840 850 860 870 880 890 900 910 920 930 940 950 960 970 980 990 1000 1010 1020 1030 1040 1050 1060 1070 1080 1090 1100 1110 1120 1130 1149 1169 1189 1209 1229 1249 1269 1289 1309 1329 1349 1369 1394
Salwator_2  310 328 349 369 387 400 410 420 431 441 451 461 471 481 491 501 511 521 531 541 551 561 571 581 591 601 611 621 631 641 651 661 671 681 691 701 711 721 731 741 751 761 771 781 791 801 811 821 831 841 851 861 871 881 891 901 911 921 931 941 951 961 971 981 991 1001 1011 1021 1031 1041 1051 1061 1071 1081 1091 1101 1111 1121 1131 1150 1170 1190 1210 1230 1250 1270 1290 1310 1330 1350 1370 1395
Salwator_1  311 329 350 370 388 401 411 421 432 442 452 462 472 482 492 502 512 522 532 542 552 562 572 582 592 602 612 622 632 642 652 662 672 682 692 702 712 722 732 742 752 762 772 782 792 802 812 822 832 842 852 862 872 882 892 902 912 922 932 942 952 962 972 982 992 1002 1012 1022 1032 1042 1052 1062 1072 1082 1092 1102 1112 1122 1132 1151 1171 1191 1211 1231 1251 1271 1291 1311 1331 1351 1371 1396
