Salwator_1  313 332 352 374 394 404 414 426 436 446 456 466 476 486 496 506 516 527 537 547 557 567 578 594 614 634 654 672 687 707 724 742 762 782 802 822 842 862 872 882 892 902 912 922 932 942 952 962 972 982 992 1002 1012 1022 1032 1044 1054 1066 1078 1088 1098 1112 1132 1152 1173 1193 1213 1233 1253 1273 1291 1311 1328 1348
Salwator_2  314 333 353 375 395 405 415 427 437 447 457 467 477 487 497 507 517 528 538 548 558 568 579 595 615 635 655 673 688 708 725 743 763 783 803 823 843 863 873 883 893 903 913 923 933 943 953 963 973 983 993 1003 1013 1023 1033 1045 1055 1067 1079 1089 1099 1113 1133 1153 1174 1194 1214 1234 1254 1274 1292 1312 1329 1349
Komorowskiego  315 334 354 376 396 406 416 428 438 448 458 468 478 488 498 508 518 529 539 549 559 569 580 596 616 636 656 674 689 709 726 744 764 784 804 824 844 864 874 884 894 904 914 924 934 944 954 964 974 984 994 1004 1014 1024 1034 1046 1056 1068 1080 1090 1100 1114 1134 1154 1175 1195 1215 1235 1255 1275 1293 1313 1330 1350
Jubilat  317 336 356 378 398 408 418 430 440 450 460 470 480 490 500 510 520 531 541 551 561 571 582 598 618 638 658 676 691 711 728 746 766 786 806 826 846 866 876 886 896 906 916 926 936 946 956 966 976 986 996 1006 1016 1026 1036 1048 1058 1070 1082 1092 1102 1116 1136 1156 1177 1197 1217 1237 1257 1277 1295 1315 1332 1352
Filharmonia  320 339 359 381 401 411 421 433 443 453 463 473 483 493 503 513 523 534 544 554 564 574 585 601 621 641 661 679 694 714 731 749 769 789 809 829 849 869 879 889 899 909 919 929 939 949 959 969 979 989 999 1009 1019 1029 1039 1051 1061 1073 1085 1095 1105 1119 1139 1159 1180 1200 1220 1240 1260 1280 1298 1318 1335 1355
Teatr Bagatela  322 341 361 383 403 413 423 435 445 455 465 475 485 495 505 515 525 536 546 556 566 576 587 603 623 643 663 681 696 716 733 751 771 791 811 831 851 871 881 891 901 911 921 931 941 951 961 971 981 991 1001 1011 1021 1031 1041 1053 1063 1075 1087 1097 1107 1121 1141 1161 1182 1202 1222 1242 1262 1282 1300 1320 1337 1357
Stary Kleparz  325 344 364 386 406 416 426 438 448 458 468 478 488 498 508 518 528 539 549 559 569 579 590 606 626 646 666 684 699 719 736 754 774 794 814 834 854 874 884 894 904 914 924 934 944 954 964 974 984 994 1004 1014 1024 1034 1044 1056 1066 1078 1090 1100 1110 1124 1144 1164 1185 1205 1225 1245 1265 1285 1303 1323 1340 1360
Dworzec G³ówny  327 346 366 388 408 418 428 440 450 460 470 480 490 500 510 520 530 541 551 561 571 581 592 608 628 648 668 686 701 721 738 756 776 796 816 836 856 876 886 896 906 916 926 936 946 956 966 976 986 996 1006 1016 1026 1036 1046 1058 1068 1080 1092 1102 1112 1126 1146 1166 1187 1207 1227 1247 1267 1287 1305 1325 1342 1362
Lubicz  329 348 368 390 410 420 430 442 452 462 472 482 492 502 512 522 532 543 553 563 573 583 594 610 630 650 670 688 703 723 740 758 778 798 818 838 858 878 888 898 908 918 928 938 948 958 968 978 988 998 1008 1018 1028 1038 1048 1060 1070 1082 1094 1104 1114 1128 1148 1168 1189 1209 1229 1249 1269 1289 1307 1327 1344 1364
Uniwersytet Ekonomiczny  331 350 370 392 412 422 432 444 454 464 474 484 494 504 514 524 534 545 555 565 575 585 596 612 632 652 672 690 705 725 742 760 780 800 820 840 860 880 890 900 910 920 930 940 950 960 970 980 990 1000 1010 1020 1030 1040 1050 1062 1072 1084 1096 1106 1116 1130 1150 1170 1191 1211 1231 1251 1271 1291 1309 1329 1346 1366
Rakowicka  332 351 371 393 413 423 433 445 455 465 475 485 495 505 515 525 535 546 556 566 576 586 597 613 633 653 673 691 706 726 743 761 781 801 821 841 861 881 891 901 911 921 931 941 951 961 971 981 991 1001 1011 1021 1031 1041 1051 1063 1073 1085 1097 1107 1117 1131 1151 1171 1192 1212 1232 1252 1272 1292 1310 1330 1347 1367
Cmentarz Rakowicki  333 352 372 394 414 424 434 446 456 466 476 486 496 506 516 526 536 547 557 567 577 587 598 614 634 654 674 692 707 727 744 762 782 802 822 842 862 882 892 902 912 922 932 942 952 962 972 982 992 1002 1012 1022 1032 1042 1052 1064 1074 1086 1098 1108 1118 1132 1152 1172 1193 1213 1233 1253 1273 1293 1311 1331 1348 1368
