Salwator_1  7504 7524 7544 7564 7584 7604 7624 7644 7664 7684 7704 7724 7744 7764 7784 7804 7824 7844 7864 7884 7904 7924 7944 7964 7984 8004 8024 8044 8064 8084 8104 8124 8144 8164 8184 8204 8224 8244 8264 8284 8304 8324 8344 8364 8384 8404 8424 8444 8464 8484 8504 8528 8557
Salwator_2  7505 7525 7545 7565 7585 7605 7625 7645 7665 7685 7705 7725 7745 7765 7785 7805 7825 7845 7865 7885 7905 7925 7945 7965 7985 8005 8025 8045 8065 8085 8105 8125 8145 8165 8185 8205 8225 8245 8265 8285 8305 8325 8345 8365 8385 8405 8425 8445 8465 8485 8505 8529 8558
Komorowskiego  7506 7526 7546 7566 7586 7606 7626 7646 7666 7686 7706 7726 7746 7766 7786 7806 7826 7846 7866 7886 7906 7926 7946 7966 7986 8006 8026 8046 8066 8086 8106 8126 8146 8166 8186 8206 8226 8246 8266 8286 8306 8326 8346 8366 8386 8406 8426 8446 8466 8486 8506 8530 8559
Jubilat  7508 7528 7548 7568 7588 7608 7628 7648 7668 7688 7708 7728 7748 7768 7788 7808 7828 7848 7868 7888 7908 7928 7948 7968 7988 8008 8028 8048 8068 8088 8108 8128 8148 8168 8188 8208 8228 8248 8268 8288 8308 8328 8348 8368 8388 8408 8428 8448 8468 8488 8508 8532 8561
Filharmonia  7511 7531 7551 7571 7591 7611 7631 7651 7671 7691 7711 7731 7751 7771 7791 7811 7831 7851 7871 7891 7911 7931 7951 7971 7991 8011 8031 8051 8071 8091 8111 8131 8151 8171 8191 8211 8231 8251 8271 8291 8311 8331 8351 8371 8391 8411 8431 8451 8471 8491 8511 8535 8564
Teatr Bagatela  7513 7533 7553 7573 7593 7613 7633 7653 7673 7693 7713 7733 7753 7773 7793 7813 7833 7853 7873 7893 7913 7933 7953 7973 7993 8013 8033 8053 8073 8093 8113 8133 8153 8173 8193 8213 8233 8253 8273 8293 8313 8333 8353 8373 8393 8413 8433 8453 8473 8493 8513 8537 8566
Stary Kleparz  7515 7535 7555 7575 7595 7615 7635 7655 7675 7696 7716 7736 7756 7776 7796 7816 7836 7856 7876 7896 7916 7936 7956 7976 7996 8016 8036 8056 8076 8096 8116 8136 8156 8176 8196 8216 8236 8256 8276 8296 8316 8336 8356 8376 8396 8415 8435 8455 8475 8495 8515 8539 8568
Dworzec G³ówny  7517 7537 7557 7577 7597 7617 7637 7657 7677 7698 7718 7738 7758 7778 7798 7818 7838 7858 7878 7898 7918 7938 7958 7978 7998 8018 8038 8058 8078 8098 8118 8138 8158 8178 8198 8218 8238 8258 8278 8298 8318 8338 8358 8378 8398 8417 8437 8457 8477 8497 8517 8541 8570
Lubicz  7519 7539 7559 7579 7599 7619 7639 7659 7679 7700 7720 7740 7760 7780 7800 7820 7840 7860 7880 7900 7920 7940 7960 7980 8000 8020 8040 8060 8080 8100 8120 8140 8160 8180 8200 8220 8240 8260 8280 8300 8320 8340 8360 8380 8400 8419 8439 8459 8479 8499 8519 8543 8572
Uniwersytet Ekonomiczny  7521 7541 7561 7581 7601 7621 7641 7661 7681 7702 7722 7742 7762 7782 7802 7822 7842 7862 7882 7902 7922 7942 7962 7982 8002 8022 8042 8062 8082 8102 8122 8142 8162 8182 8202 8222 8242 8262 8282 8302 8322 8342 8362 8382 8402 8421 8441 8461 8481 8501 8521 8545 8574
Rakowicka  7522 7542 7562 7582 7602 7622 7642 7662 7682 7703 7723 7743 7763 7783 7803 7823 7843 7863 7883 7903 7923 7943 7963 7983 8003 8023 8043 8063 8083 8103 8123 8143 8163 8183 8203 8223 8243 8263 8283 8303 8323 8343 8363 8383 8403 8422 8442 8462 8482 8502 8522 8546 8575
Cmentarz Rakowicki  7523 7543 7563 7583 7603 7623 7643 7663 7683 7704 7724 7744 7764 7784 7804 7824 7844 7864 7884 7904 7924 7944 7964 7984 8004 8024 8044 8064 8084 8104 8124 8144 8164 8184 8204 8224 8244 8264 8284 8304 8324 8344 8364 8384 8404 8423 8443 8463 8483 8503 8523 8547 8576
