Salwator_1  8956 8986 9016 9046 9076 9106 9136 9164 9184 9204 9224 9244 9264 9284 9304 9324 9344 9364 9384 9404 9424 9444 9464 9484 9504 9524 9544 9564 9584 9604 9624 9644 9664 9684 9704 9724 9744 9764 9784 9804 9824 9844 9864 9884 9904 9924 9944 9968 9997
Salwator_2  8957 8987 9017 9047 9077 9107 9137 9165 9185 9205 9225 9245 9265 9285 9305 9325 9345 9365 9385 9405 9425 9445 9465 9485 9505 9525 9545 9565 9585 9605 9625 9645 9665 9685 9705 9725 9745 9765 9785 9805 9825 9845 9865 9885 9905 9925 9945 9969 9998
Komorowskiego  8958 8988 9018 9048 9078 9108 9138 9166 9186 9206 9226 9246 9266 9286 9306 9326 9346 9366 9386 9406 9426 9446 9466 9486 9506 9526 9546 9566 9586 9606 9626 9646 9666 9686 9706 9726 9746 9766 9786 9806 9826 9846 9866 9886 9906 9926 9946 9970 9999
Jubilat  8960 8990 9020 9050 9080 9110 9140 9168 9188 9208 9228 9248 9268 9288 9308 9328 9348 9368 9388 9408 9428 9448 9468 9488 9508 9528 9548 9568 9588 9608 9628 9648 9668 9688 9708 9728 9748 9768 9788 9808 9828 9848 9868 9888 9908 9928 9948 9972 10001
Filharmonia  8963 8993 9023 9053 9083 9113 9143 9171 9191 9211 9231 9251 9271 9291 9311 9331 9351 9371 9391 9411 9431 9451 9471 9491 9511 9531 9551 9571 9591 9611 9631 9651 9671 9691 9711 9731 9751 9771 9791 9811 9831 9851 9871 9891 9911 9931 9951 9975 10004
Teatr Bagatela  8965 8995 9025 9055 9085 9115 9145 9173 9193 9213 9233 9253 9273 9293 9313 9333 9353 9373 9393 9413 9433 9453 9473 9493 9513 9533 9553 9573 9593 9613 9633 9653 9673 9693 9713 9733 9753 9773 9793 9813 9833 9853 9873 9893 9913 9933 9953 9977 10006
Stary Kleparz  8967 8997 9027 9057 9087 9117 9148 9176 9196 9216 9236 9256 9276 9296 9316 9336 9356 9376 9396 9416 9436 9456 9476 9496 9516 9536 9556 9576 9596 9616 9636 9656 9676 9696 9716 9736 9756 9776 9796 9816 9836 9855 9875 9895 9915 9935 9955 9979 10008
Dworzec G³ówny  8969 8999 9029 9059 9089 9119 9150 9178 9198 9218 9238 9258 9278 9298 9318 9338 9358 9378 9398 9418 9438 9458 9478 9498 9518 9538 9558 9578 9598 9618 9638 9658 9678 9698 9718 9738 9758 9778 9798 9818 9838 9857 9877 9897 9917 9937 9957 9981 10010
Lubicz  8971 9001 9031 9061 9091 9121 9152 9180 9200 9220 9240 9260 9280 9300 9320 9340 9360 9380 9400 9420 9440 9460 9480 9500 9520 9540 9560 9580 9600 9620 9640 9660 9680 9700 9720 9740 9760 9780 9800 9820 9840 9859 9879 9899 9919 9939 9959 9983 10012
Uniwersytet Ekonomiczny  8973 9003 9033 9063 9093 9123 9154 9182 9202 9222 9242 9262 9282 9302 9322 9342 9362 9382 9402 9422 9442 9462 9482 9502 9522 9542 9562 9582 9602 9622 9642 9662 9682 9702 9722 9742 9762 9782 9802 9822 9842 9861 9881 9901 9921 9941 9961 9985 10014
Rakowicka  8974 9004 9034 9064 9094 9124 9155 9183 9203 9223 9243 9263 9283 9303 9323 9343 9363 9383 9403 9423 9443 9463 9483 9503 9523 9543 9563 9583 9603 9623 9643 9663 9683 9703 9723 9743 9763 9783 9803 9823 9843 9862 9882 9902 9922 9942 9962 9986 10015
Cmentarz Rakowicki  8975 9005 9035 9065 9095 9125 9156 9184 9204 9224 9244 9264 9284 9304 9324 9344 9364 9384 9404 9424 9444 9464 9484 9504 9524 9544 9564 9584 9604 9624 9644 9664 9684 9704 9724 9744 9764 9784 9804 9824 9844 9863 9883 9903 9923 9943 9963 9987 10016
