Nowy Bie¿anów  278 296 316 335 359 379 389 399 409 419 429 439 449 459 469 479 489 499 509 521 531 541 551 561 571 581 591 601 611 621 631 641 651 661 671 681 691 701 711 721 731 741 751 761 771 781 791 801 811 821 831 841 851 861 869 879 889 899 909 919 929 939 949 959 969 979 989 999 1009 1019 1029 1039 1049 1058 1069 1079 1089 1099 1112 1121 1131 1141 1151 1161 1171 1181 1191 1201 1222 1242 1262 1279 1304 1324 1344 1372
Æwikliñskiej  279 297 317 336 360 380 390 400 410 420 430 440 450 460 470 480 490 500 510 522 532 542 552 562 572 582 592 602 612 622 632 642 652 662 672 682 692 702 712 722 732 742 752 762 772 782 792 802 812 822 832 842 852 862 870 880 890 900 910 920 930 940 950 960 970 980 990 1000 1010 1020 1030 1040 1050 1059 1070 1080 1090 1100 1113 1122 1132 1142 1152 1162 1172 1182 1192 1202 1223 1243 1263 1280 1305 1325 1345 1373
Nowy Prokocim  280 298 318 337 361 381 391 401 411 421 431 441 451 461 471 481 491 501 511 523 533 543 553 563 573 583 593 603 613 623 633 643 653 663 673 683 693 703 713 723 733 743 753 763 773 783 793 803 813 823 833 843 853 863 871 881 891 901 911 921 931 941 951 961 971 981 991 1001 1011 1021 1031 1041 1051 1060 1071 1081 1091 1101 1114 1123 1133 1143 1153 1163 1173 1183 1193 1203 1224 1244 1264 1281 1306 1326 1346 1374
Teligi  281 299 319 338 362 382 392 402 412 422 432 442 452 462 472 482 492 502 512 524 534 544 554 564 574 584 594 604 614 624 634 644 654 664 674 684 694 704 714 724 734 744 754 764 774 784 794 804 814 824 834 844 854 864 872 882 892 902 912 922 932 942 952 962 972 982 992 1002 1012 1022 1032 1042 1052 1061 1072 1082 1092 1102 1115 1124 1134 1144 1154 1164 1174 1184 1194 1204 1225 1245 1265 1282 1307 1327 1347 1375
Prokocim Szpital  283 301 321 340 364 384 394 404 414 424 434 444 454 464 474 484 494 504 514 526 536 546 556 566 576 586 596 606 616 626 636 646 656 666 676 686 696 706 716 726 736 746 756 766 776 786 796 806 816 826 836 846 856 866 874 884 894 904 914 924 934 944 954 964 974 984 994 1004 1014 1024 1034 1044 1054 1063 1074 1084 1094 1104 1117 1126 1136 1146 1156 1166 1176 1186 1196 1206 1227 1247 1267 1284 1309 1329 1349 1377
Prokocim  284 302 322 341 365 385 395 405 415 425 435 445 455 465 475 485 495 505 515 527 537 547 557 567 577 587 597 607 617 627 637 647 657 667 677 687 697 707 717 727 737 747 757 767 777 787 797 807 817 827 837 847 857 867 875 885 895 905 915 925 935 945 955 965 975 985 995 1005 1015 1025 1035 1045 1055 1064 1075 1085 1095 1105 1118 1127 1137 1147 1157 1167 1177 1187 1197 1207 1228 1248 1268 1285 1310 1330 1350 1378
Wlotowa  285 303 323 342 366 386 396 406 416 426 436 446 456 466 476 486 496 506 516 528 538 548 558 568 578 588 598 608 618 628 638 648 658 668 678 688 698 708 718 728 738 748 758 768 778 788 798 808 818 828 838 848 858 868 876 886 896 906 916 926 936 946 956 966 976 986 996 1006 1016 1026 1036 1046 1056 1065 1076 1086 1096 1106 1119 1128 1138 1148 1158 1168 1178 1188 1198 1208 1229 1249 1269 1286 1311 1331 1351 1379
Bie¿anowska  287 305 325 344 368 388 398 408 418 428 438 448 458 468 478 488 498 508 518 530 540 550 560 570 580 590 600 610 620 630 640 650 660 670 680 690 700 710 720 730 740 750 760 770 780 790 800 810 820 830 840 850 860 870 878 888 898 908 918 928 938 948 958 968 978 988 998 1008 1018 1028 1038 1048 1058 1067 1078 1088 1098 1108 1121 1130 1140 1150 1160 1170 1180 1190 1200 1210 1231 1251 1271 1288 1313 1333 1353 1381
Kabel  288 306 326 345 369 389 399 409 419 429 439 449 459 469 479 489 499 509 519 531 541 551 561 571 581 591 601 611 621 631 641 651 661 671 681 691 701 711 721 731 741 751 761 771 781 791 801 811 821 831 841 851 861 871 879 889 899 909 919 929 939 949 959 969 979 989 999 1009 1019 1029 1039 1049 1059 1068 1079 1089 1099 1109 1122 1131 1141 1151 1161 1171 1181 1191 1201 1211 1232 1252 1272 1289 1314 1334 1354 1382
Dworcowa  290 308 328 347 371 391 401 411 421 431 441 451 461 471 481 491 501 511 521 533 543 553 563 573 583 593 603 613 623 633 643 653 663 673 683 693 703 713 723 733 743 753 763 773 783 793 803 813 823 833 843 853 863 873 881 891 901 911 921 931 941 951 961 971 981 991 1001 1011 1021 1031 1041 1051 1061 1070 1081 1091 1101 1111 1124 1133 1143 1153 1163 1173 1183 1193 1203 1213 1234 1254 1274 1291 1316 1336 1356 1384
Cmentarz Podgórski  292 310 330 349 373 393 403 413 423 433 443 453 463 473 483 493 503 513 523 535 545 555 565 575 585 595 605 615 625 635 645 655 665 675 685 695 705 715 725 735 745 755 765 775 785 795 805 815 825 835 845 855 865 875 883 893 903 913 923 933 943 953 963 973 983 993 1003 1013 1023 1033 1043 1053 1063 1072 1083 1093 1103 1113 1126 1135 1145 1155 1165 1175 1185 1195 1205 1215 1236 1256 1276 1293 1318 1338 1358 1386
Powstañców Wielkopolskich  294 312 332 351 375 395 405 415 425 435 445 455 465 475 485 495 505 515 525 537 547 557 567 577 587 597 607 617 627 637 647 657 667 677 687 697 707 717 727 737 747 757 767 777 787 797 807 817 827 837 847 857 867 877 885 895 905 915 925 935 945 955 965 975 985 995 1005 1015 1025 1035 1045 1055 1065 1074 1085 1095 1105 1115 1128 1137 1147 1157 1167 1177 1187 1197 1207 1217 1238 1258 1278 1295 1320 1340 1360 1388
Plac Bohaterów Getta  297 315 335 354 378 398 408 418 428 438 448 458 468 478 488 498 508 518 528 540 550 560 570 580 590 600 610 620 630 640 650 660 670 680 690 700 710 720 730 740 750 760 770 780 790 800 810 820 830 840 850 860 870 880 888 898 908 918 928 938 948 958 968 978 988 998 1008 1018 1028 1038 1048 1058 1068 1077 1088 1098 1108 1118 1131 1140 1150 1160 1170 1180 1190 1200 1210 1220 1241 1261 1281 1298 1323 1343 1363 1391
Œw. Wawrzyñca  299 317 337 356 380 400 410 420 430 440 450 460 470 480 490 500 510 520 530 542 552 562 572 582 592 602 612 622 632 642 652 662 672 682 692 702 712 722 732 742 752 762 772 782 792 802 812 822 832 842 852 862 872 882 890 900 910 920 930 940 950 960 970 980 990 1000 1010 1020 1030 1040 1050 1060 1070 1079 1090 1100 1110 1120 1133 1142 1152 1162 1172 1182 1192 1202 1212 1222 1243 1263 1283 1300 1325 1345 1365 1393
Miodowa  300 318 338 357 381 401 411 421 431 441 451 461 471 481 491 501 511 521 531 543 553 563 573 583 593 603 613 623 633 643 653 663 673 683 693 703 713 723 733 743 753 763 773 783 793 803 813 823 833 843 853 863 873 883 891 901 911 921 931 941 951 961 971 981 991 1001 1011 1021 1031 1041 1051 1061 1071 1080 1091 1101 1111 1121 1134 1143 1153 1163 1173 1183 1193 1203 1213 1223 1244 1264 1284 1301 1326 1346 1366 1394
Starowiœlna  303 321 341 360 384 404 414 424 434 444 454 464 474 484 494 504 514 524 534 546 556 566 576 586 596 606 616 626 636 646 656 666 676 686 696 706 716 726 736 746 756 766 776 786 796 806 816 826 836 846 856 866 876 886 894 904 914 924 934 944 954 964 974 984 994 1004 1014 1024 1034 1044 1054 1064 1074 1083 1094 1104 1114 1124 1137 1146 1156 1166 1176 1186 1196 1206 1216 1226 1247 1267 1287 1304 1329 1349 1369 1396
Poczta G³ówna  304 322 342 361 385 405 415 425 435 445 455 465 475 485 495 505 515 525 535 547 557 567 577 587 597 607 617 627 637 647 657 667 677 687 697 707 717 727 737 747 757 767 777 787 797 807 817 827 837 847 857 867 877 887 895 905 915 925 935 945 955 965 975 985 995 1005 1015 1025 1035 1045 1055 1065 1075 1084 1095 1105 1115 1125 1138 1147 1157 1167 1177 1187 1197 1207 1217 1227 1248 1268 1288 1305 1330 1350 1370 1397
Dworzec G³ówny  306 324 344 363 387 407 417 427 437 447 457 467 477 487 497 507 517 527 537 549 559 569 579 589 599 609 619 629 639 649 659 669 679 689 699 709 719 729 739 749 759 769 779 789 799 809 819 829 839 849 859 869 879 889 897 907 917 927 937 947 957 967 977 987 997 1007 1017 1027 1037 1047 1057 1067 1077 1086 1097 1107 1117 1127 1140 1149 1159 1169 1179 1189 1199 1209 1219 1229 1250 1270 1290 1307 1332 1352 1372 1399
Dworzec G³ówny Zachód  308 326 346 365 389 409 419 429 439 449 459 469 479 489 499 509 519 529 539 551 561 571 581 591 601 611 621 631 641 651 661 671 681 691 701 711 721 731 741 751 761 771 781 791 801 811 821 831 841 851 861 871 881 891 899 909 919 929 939 949 959 969 979 989 999 1009 1019 1029 1039 1049 1059 1069 1079 1088 1099 1109 1119 1129 1142 1151 1161 1171 1181 1191 1201 1211 1221 1231 1252 1272 1292 1309 1334 1354 1374 1400
Politechnika  310 328 348 367 391 411 421 431 441 451 461 471 481 491 501 511 521 531 541 553 563 573 583 593 603 613 623 633 643 653 663 673 683 693 703 713 723 733 743 753 763 773 783 793 803 813 823 833 843 853 863 873 883 893 901 911 921 931 941 951 961 971 981 991 1001 1011 1021 1031 1041 1051 1061 1071 1081 1090 1101 1111 1121 1131 1144 1153 1163 1173 1183 1193 1203 1213 1223 1233 1254 1274 1294 1311 1336 1356 1376 1402
Dworzec Towarowy  312 330 350 369 393 413 423 433 443 453 463 473 483 493 503 513 523 533 543 555 565 575 585 595 605 615 625 635 645 655 665 675 685 695 705 715 725 735 745 755 765 775 785 795 805 815 825 835 845 855 865 875 885 895 903 913 923 933 943 953 963 973 983 993 1003 1013 1023 1033 1043 1053 1063 1073 1083 1092 1103 1113 1123 1133 1146 1155 1165 1175 1185 1195 1205 1215 1225 1235 1256 1276 1296 1313 1338 1358 1378 1404
Szpital Narutowicza  314 332 352 371 395 415 425 435 445 455 465 475 485 495 505 515 525 535 545 557 567 577 587 597 607 617 627 637 647 657 667 677 687 697 707 717 727 737 747 757 767 777 787 797 807 817 827 837 847 857 867 877 887 897 905 915 925 935 945 955 965 975 985 995 1005 1015 1025 1035 1045 1055 1065 1075 1085 1094 1105 1115 1125 1135 1148 1157 1167 1177 1187 1197 1207 1217 1227 1237 1258 1278 1298 1315 1340 1360 1380 1406
Bratys³awska  315 333 353 372 396 416 426 436 446 456 466 476 486 496 506 516 526 536 546 558 568 578 588 598 608 618 628 638 648 658 668 678 688 698 708 718 728 738 748 758 768 778 788 798 808 818 828 838 848 858 868 878 888 898 906 916 926 936 946 956 966 976 986 996 1006 1016 1026 1036 1046 1056 1066 1076 1086 1095 1106 1116 1126 1136 1149 1158 1168 1178 1188 1198 1208 1218 1228 1238 1259 1279 1299 1316 1341 1361 1381 1407
Krowodrza Górka  316 334 354 373 397 417 427 437 447 457 467 477 487 497 507 517 527 537 547 559 569 579 589 599 609 619 629 639 649 659 669 679 689 699 709 719 729 739 749 759 769 779 789 799 809 819 829 839 849 859 869 879 889 899 907 917 927 937 947 957 967 977 987 997 1007 1017 1027 1037 1047 1057 1067 1077 1087 1096 1107 1117 1127 1137 1150 1159 1169 1179 1189 1199 1209 1219 1229 1239 1260 1280 1300 1317 1342 1362 1382 1408
