Wzgórza Krzes³awickie  7513 7533 7553 7573 7593 7613 7633 7653 7673 7693 7713 7733 7753 7773 7793 7813 7833 7853 7873 7893 7913 7933 7953 7973 7993 8013 8033 8053 8073 8093 8113 8133 8153 8173 8193 8213 8233 8253 8273 8293 8313 8333 8353 8373 8393 8413 8433 8453 8473 8493 8513 8538 8568
Jarzêbiny  7514 7534 7554 7574 7594 7614 7634 7654 7674 7694 7714 7734 7754 7774 7794 7814 7834 7854 7874 7894 7914 7934 7954 7974 7994 8014 8034 8054 8074 8094 8114 8134 8154 8174 8194 8214 8234 8254 8274 8294 8314 8334 8354 8374 8394 8414 8434 8454 8474 8494 8514 8539 8569
Darwina  7515 7535 7555 7575 7595 7615 7635 7655 7675 7695 7715 7735 7755 7775 7795 7815 7835 7855 7875 7895 7915 7935 7955 7975 7995 8015 8035 8055 8075 8095 8115 8135 8155 8175 8195 8215 8235 8255 8275 8295 8315 8335 8355 8375 8395 8415 8435 8455 8475 8495 8515 8540 8570
Wiadukty  7516 7536 7556 7576 7596 7616 7636 7656 7676 7696 7716 7736 7756 7776 7796 7816 7836 7856 7876 7896 7916 7936 7956 7976 7996 8016 8036 8056 8076 8096 8116 8136 8156 8176 8196 8216 8236 8256 8276 8296 8316 8336 8356 8376 8396 8416 8436 8456 8476 8496 8516 8541 8571
Elektromonta¿  7517 7537 7557 7577 7597 7617 7637 7657 7677 7697 7717 7737 7757 7777 7797 7817 7837 7857 7877 7897 7917 7937 7957 7977 7997 8017 8037 8057 8077 8097 8117 8137 8157 8177 8197 8217 8237 8257 8277 8297 8317 8337 8357 8377 8397 8417 8437 8457 8477 8497 8517 8542 8572
Zajezdnia Nowa Huta  7519 7539 7559 7579 7599 7619 7639 7659 7679 7699 7719 7739 7759 7779 7799 7819 7839 7859 7879 7899 7919 7939 7959 7979 7999 8019 8039 8059 8079 8099 8119 8139 8159 8179 8199 8219 8239 8259 8279 8299 8319 8339 8359 8379 8399 8419 8439 8459 8479 8499 8519 8544 8574
Kombinat  7451 7481 7501 7521 7541 7561 7581 7601 7621 7641 7661 7681 7701 7721 7741 7761 7781 7801 7821 7841 7861 7881 7901 7921 7941 7961 7981 8001 8021 8041 8061 8081 8101 8121 8141 8161 8181 8201 8221 8241 8261 8281 8301 8321 8341 8361 8381 8401 8421 8441 8461 8481 8501 8521 8546 8576
Struga  7454 7484 7504 7524 7544 7564 7584 7604 7624 7644 7664 7684 7704 7724 7744 7764 7784 7804 7824 7844 7864 7884 7904 7924 7944 7964 7984 8004 8024 8044 8064 8084 8104 8124 8144 8164 8184 8204 8224 8244 8264 8284 8304 8324 8344 8364 8384 8404 8424 8444 8464 8484 8504 8524 8549 8579
Plac Centralny im. R.Reagana  7458 7488 7508 7528 7548 7568 7588 7608 7628 7648 7668 7688 7708 7728 7748 7768 7788 7808 7828 7848 7868 7888 7908 7928 7948 7968 7988 8008 8028 8048 8068 8088 8108 8128 8148 8168 8188 8208 8228 8248 8268 8288 8308 8328 8348 8368 8388 8408 8428 8448 8468 8488 8508 8528 8553 8583
Os.Kolorowe  7459 7489 7509 7529 7549 7569 7589 7609 7629 7649 7669 7689 7709 7729 7749 7769 7789 7809 7829 7849 7869 7889 7909 7929 7949 7969 7989 8009 8029 8049 8069 8089 8109 8129 8149 8169 8189 8209 8229 8249 8269 8289 8309 8329 8349 8369 8389 8409 8429 8449 8469 8489 8509 8529 8554 8584
Rondo Czy¿yñskie  7463 7493 7513 7533 7553 7573 7593 7613 7633 7653 7673 7693 7713 7733 7753 7773 7793 7813 7833 7853 7873 7893 7913 7933 7953 7973 7993 8013 8033 8053 8073 8093 8113 8133 8153 8173 8193 8213 8233 8253 8273 8293 8313 8333 8353 8373 8393 8413 8433 8453 8473 8493 8513 8533 8558 8588
Czy¿yny  7464 7494 7514 7534 7554 7574 7594 7614 7634 7654 7674 7694 7714 7734 7754 7774 7794 7814 7834 7854 7874 7894 7914 7934 7954 7974 7994 8014 8034 8054 8074 8094 8114 8134 8154 8174 8194 8214 8234 8254 8274 8294 8314 8334 8354 8374 8394 8414 8434 8454 8474 8494 8514 8534 8559 8589
Stella-Sawickiego  7465 7495 7515 7535 7555 7575 7595 7615 7635 7655 7675 7695 7715 7735 7755 7775 7795 7815 7835 7855 7875 7895 7915 7935 7955 7975 7995 8015 8035 8055 8075 8095 8115 8135 8155 8175 8195 8215 8235 8255 8275 8295 8315 8335 8355 8375 8395 8415 8435 8455 8475 8495 8515 8535 8560 8590
Awf  7466 7496 7516 7536 7556 7576 7596 7616 7636 7656 7676 7696 7716 7736 7756 7776 7796 7816 7836 7856 7876 7896 7916 7936 7956 7976 7996 8016 8036 8056 8076 8096 8116 8136 8156 8176 8196 8216 8236 8256 8276 8296 8316 8336 8356 8376 8396 8416 8436 8456 8476 8496 8516 8536 8561 8591
Muzeum Lotnictwa  7467 7497 7517 7537 7557 7577 7597 7617 7637 7657 7677 7697 7717 7737 7757 7777 7797 7817 7837 7857 7877 7897 7917 7937 7957 7977 7997 8017 8037 8057 8077 8097 8117 8137 8157 8177 8197 8217 8237 8257 8277 8297 8317 8337 8357 8377 8397 8417 8437 8457 8477 8497 8517 8537 8562 8592
Tauron Arena Kraków Wieczysta  7470 7500 7520 7540 7560 7580 7600 7620 7640 7660 7680 7700 7720 7740 7760 7780 7800 7820 7840 7860 7880 7900 7920 7940 7960 7980 8000 8020 8040 8060 8080 8100 8120 8140 8160 8180 8200 8220 8240 8260 8280 8300 8320 8340 8360 8380 8400 8420 8440 8460 8480 8500 8520 8540 8565 8595
Bia³ucha  7471 7501 7521 7541 7561 7581 7601 7621 7641 7661 7681 7701 7721 7741 7761 7781 7801 7821 7841 7861 7881 7901 7921 7941 7961 7981 8001 8021 8041 8061 8081 8101 8121 8141 8161 8181 8201 8221 8241 8261 8281 8301 8321 8341 8361 8381 8401 8421 8441 8461 8481 8501 8521 8541 8566 8596
Cystersów  7473 7503 7523 7543 7563 7583 7603 7623 7643 7663 7683 7703 7723 7743 7763 7783 7803 7823 7843 7863 7883 7903 7923 7943 7963 7983 8003 8023 8043 8063 8083 8103 8123 8143 8163 8183 8203 8223 8243 8263 8283 8303 8323 8343 8363 8383 8403 8423 8443 8463 8483 8503 8523 8543 8568 8598
Rondo Mogilskie  7475 7505 7525 7545 7565 7585 7605 7625 7645 7665 7685 7705 7725 7745 7765 7785 7805 7825 7845 7865 7885 7905 7925 7945 7965 7985 8005 8025 8045 8065 8085 8105 8125 8145 8165 8185 8205 8225 8245 8265 8285 8305 8325 8345 8365 8385 8405 8425 8445 8465 8485 8505 8525 8545 8570 8600
Lubicz  7476 7506 7526 7546 7566 7586 7606 7626 7646 7666 7687 7707 7727 7747 7767 7787 7807 7827 7847 7867 7887 7907 7927 7947 7967 7987 8007 8027 8047 8067 8087 8107 8127 8147 8167 8187 8207 8227 8247 8267 8287 8307 8327 8347 8367 8387 8406 8426 8446 8466 8486 8506 8526 8546 8571 8601
Dworzec G³ówny  7478 7508 7528 7548 7568 7588 7608 7628 7648 7668 7689 7709 7729 7749 7769 7789 7809 7829 7849 7869 7889 7909 7929 7949 7969 7989 8009 8029 8049 8069 8089 8109 8129 8149 8169 8189 8209 8229 8249 8269 8289 8309 8329 8349 8369 8389 8408 8428 8448 8468 8488 8508 8528 8548 8573 8603
Stary Kleparz  7480 7510 7530 7550 7570 7590 7610 7630 7650 7670 7691 7711 7731 7751 7771 7791 7811 7831 7851 7871 7891 7911 7931 7951 7971 7991 8011 8031 8051 8071 8091 8111 8131 8151 8171 8191 8211 8231 8251 8271 8291 8311 8331 8351 8371 8391 8410 8430 8450 8470 8490 8510 8530 8550 8575 8605
Teatr Bagatela  7482 7512 7532 7552 7572 7592 7612 7632 7652 7672 7694 7714 7734 7754 7774 7794 7814 7834 7854 7874 7894 7914 7934 7954 7974 7994 8014 8034 8054 8074 8094 8114 8134 8154 8174 8194 8214 8234 8254 8274 8294 8314 8334 8354 8374 8394 8412 8432 8452 8472 8492 8512 8532 8552 8577 8607
Batorego  7483 7513 7533 7553 7573 7593 7613 7633 7653 7673 7695 7715 7735 7755 7775 7795 7815 7835 7855 7875 7895 7915 7935 7955 7975 7995 8015 8035 8055 8075 8095 8115 8135 8155 8175 8195 8215 8235 8255 8275 8295 8315 8335 8355 8375 8395 8413 8433 8453 8473 8493 8513 8533 8553 8578 8608
Plac Inwalidów  7485 7515 7535 7555 7575 7595 7615 7635 7655 7675 7697 7717 7737 7757 7777 7797 7817 7837 7857 7877 7897 7917 7937 7957 7977 7997 8017 8037 8057 8077 8097 8117 8137 8157 8177 8197 8217 8237 8257 8277 8297 8317 8337 8357 8377 8397 8415 8435 8455 8475 8495 8515 8535 8555 8580 8610
Urzêdnicza  7486 7516 7536 7556 7576 7596 7616 7636 7656 7676 7698 7718 7738 7758 7778 7798 7818 7838 7858 7878 7898 7918 7938 7958 7978 7998 8018 8038 8058 8078 8098 8118 8138 8158 8178 8198 8218 8238 8258 8278 8298 8318 8338 8358 8378 8398 8416 8436 8456 8476 8496 8516 8536 8556 8581 8611
Biprostal  7487 7518 7538 7558 7578 7598 7618 7638 7658 7678 7700 7720 7740 7760 7780 7800 7820 7840 7860 7880 7900 7920 7940 7960 7980 8000 8020 8040 8060 8080 8100 8120 8140 8160 8180 8200 8220 8240 8260 8280 8300 8320 8340 8360 8380 8400 8418 8438 8458 8478 8498 8518 8538 8558 8582 8612
Uniwersytet Pedagogiczny  7488 7519 7539 7559 7579 7599 7619 7639 7659 7679 7701 7721 7741 7761 7781 7801 7821 7841 7861 7881 7901 7921 7941 7961 7981 8001 8021 8041 8061 8081 8101 8121 8141 8161 8181 8201 8221 8241 8261 8281 8301 8321 8341 8361 8381 8401 8419 8439 8459 8479 8499 8519 8539 8559 8583 8613
G³owackiego  7489 7520 7540 7560 7580 7600 7620 7640 7660 7680 7702 7722 7742 7762 7782 7802 7822 7842 7862 7882 7902 7922 7942 7962 7982 8002 8022 8042 8062 8082 8102 8122 8142 8162 8182 8202 8222 8242 8262 8282 8302 8322 8342 8362 8382 8402 8420 8440 8460 8480 8500 8520 8540 8560 8584 8614
Bronowice  7491 7522 7542 7562 7582 7602 7622 7642 7662 7682 7704 7724 7744 7764 7784 7804 7824 7844 7864 7884 7904 7924 7944 7964 7984 8004 8024 8044 8064 8084 8104 8124 8144 8164 8184 8204 8224 8244 8264 8284 8304 8324 8344 8364 8384 8404 8422 8442 8462 8482 8502 8522 8542 8562 8586 8616
Wesele  7492 7523 7543 7563 7583 7603 7623 7643 7663 7683 7705 7725 7745 7765 7785 7805 7825 7845 7865 7885 7905 7925 7945 7965 7985 8005 8025 8045 8065 8085 8105 8125 8145 8165 8185 8205 8225 8245 8265 8285 8305 8325 8345 8365 8385 8405 8423 8443 8463 8483 8503 8523 8543 8563 8587 8617
Balicka Wiadukt  7494 7525 7545 7565 7585 7605 7625 7645 7665 7685 7707 7727 7747 7767 7787 7807 7827 7847 7867 7887 7907 7927 7947 7967 7987 8007 8027 8047 8067 8087 8107 8127 8147 8167 8187 8207 8227 8247 8267 8287 8307 8327 8347 8367 8387 8407 8425 8445 8465 8485 8505 8525 8545 8565 8589 8619
Bronowice Ma³e  7495 7526 7546 7566 7586 7606 7626 7646 7666 7686 7708 7728 7748 7768 7788 7808 7828 7848 7868 7888 7908 7928 7948 7968 7988 8008 8028 8048 8068 8088 8108 8128 8148 8168 8188 8208 8228 8248 8268 8288 8308 8328 8348 8368 8388 8408 8426 8446 8466 8486 8506 8526 8546 8566 8590 8620
