Wzgórza Krzes³awickie  274 294 312 331 348 362 382 402 422 442 462 482 502 522 542 562 582 602 622 642 662 682 702 722 742 762 782 802 822 842 862 882 902 922 942 962 982 1002 1022 1042 1062 1082 1112 1131 1151 1171 1191 1212 1232 1252 1272 1292 1315 1339 1359
Jarzêbiny  275 295 313 332 349 363 383 403 423 443 463 483 503 523 543 563 583 603 623 643 663 683 703 723 743 763 783 803 823 843 863 883 903 923 943 963 983 1003 1023 1043 1063 1083 1113 1132 1152 1172 1192 1213 1233 1253 1273 1293 1316 1340 1360
Darwina  276 296 314 333 350 364 384 404 424 444 464 484 504 524 544 564 584 604 624 644 664 684 704 724 744 764 784 804 824 844 864 884 904 924 944 964 984 1004 1024 1044 1064 1084 1114 1133 1153 1173 1193 1214 1234 1254 1274 1294 1317 1341 1361
Wiadukty  277 297 315 334 351 365 385 405 425 445 465 485 505 525 545 565 585 605 625 645 665 685 705 725 745 765 785 805 825 845 865 885 905 925 945 965 985 1005 1025 1045 1065 1085 1115 1134 1154 1174 1194 1215 1235 1255 1275 1295 1318 1342 1362
Wañkowicza  279 299 317 336 353 367 387 407 427 447 467 487 507 527 547 567 587 607 627 647 667 687 707 727 747 767 787 807 827 847 867 887 907 927 947 967 987 1007 1027 1047 1067 1087 1117 1136 1156 1176 1196 1217 1237 1257 1277 1297 1320 1344 1364
Cienista  280 300 318 337 354 368 388 408 428 448 468 488 508 528 548 568 588 608 628 648 668 688 708 728 748 768 788 808 828 848 868 888 908 928 948 968 988 1008 1028 1048 1068 1088 1118 1137 1157 1177 1197 1218 1238 1258 1278 1298 1321 1345 1365
Teatr Ludowy  282 302 320 339 356 370 390 410 430 450 470 490 510 530 550 570 590 610 630 650 670 690 710 730 750 770 790 810 830 850 870 890 910 930 950 970 990 1010 1030 1050 1070 1090 1120 1139 1159 1179 1199 1220 1240 1260 1280 1300 1323 1347 1367
Rondo Kocmyrzowskie im. Ks. Gorzelanego  284 304 322 341 358 372 392 412 432 452 472 492 512 532 552 572 592 612 632 652 672 692 712 732 752 772 792 812 832 852 872 892 912 932 952 972 992 1012 1032 1052 1072 1092 1122 1141 1161 1181 1201 1222 1242 1262 1282 1302 1325 1349 1369
Bieñczycka  285 305 323 342 359 373 393 413 433 453 473 493 513 533 553 573 593 613 633 653 673 693 713 733 753 773 793 813 833 853 873 893 913 933 953 973 993 1013 1033 1053 1073 1093 1123 1142 1162 1182 1202 1223 1243 1263 1283 1303 1326 1350 1370
Rondo Czy¿yñskie  288 308 326 345 362 376 396 416 436 456 476 496 516 536 556 576 596 616 636 656 676 696 716 736 756 776 796 816 836 856 876 896 916 936 956 976 996 1016 1036 1056 1076 1096 1126 1145 1165 1185 1205 1226 1246 1266 1286 1306 1329 1353 1373
Czy¿yny  289 309 327 346 363 377 397 417 437 457 477 497 517 537 557 577 597 617 637 657 677 697 717 737 757 777 797 817 837 857 877 897 917 937 957 977 997 1017 1037 1057 1077 1097 1127 1146 1166 1186 1206 1227 1247 1267 1287 1307 1330 1354 1374
Stella-Sawickiego  290 310 328 347 364 378 398 418 438 458 478 498 518 538 558 578 598 618 638 658 678 698 718 738 758 778 798 818 838 858 878 898 918 938 958 978 998 1018 1038 1058 1078 1098 1128 1147 1167 1187 1207 1228 1248 1268 1288 1308 1331 1355 1375
Awf  291 311 329 348 365 379 399 419 439 459 479 499 519 539 559 579 599 619 639 659 679 699 719 739 759 779 799 819 839 859 879 899 919 939 959 979 999 1019 1039 1059 1079 1099 1129 1148 1168 1188 1208 1229 1249 1269 1289 1309 1332 1356 1376
Muzeum Lotnictwa  292 312 330 349 366 380 400 420 440 460 480 500 520 540 560 580 600 620 640 660 680 700 720 740 760 780 800 820 840 860 880 900 920 940 960 980 1000 1020 1040 1060 1080 1100 1130 1149 1169 1189 1209 1230 1250 1270 1290 1310 1333 1357 1377
Tauron Arena Kraków Wieczysta  295 315 333 352 369 383 403 423 443 463 483 503 523 543 563 583 603 623 643 663 683 703 723 743 763 783 803 823 843 863 883 903 923 943 963 983 1003 1023 1043 1063 1083 1103 1133 1152 1172 1192 1212 1233 1253 1273 1293 1313 1336 1360 1380
Bia³ucha  296 316 334 353 370 384 404 424 444 464 484 504 524 544 564 584 604 624 644 664 684 704 724 744 764 784 804 824 844 864 884 904 924 944 964 984 1004 1024 1044 1064 1084 1104 1134 1153 1173 1193 1213 1234 1254 1274 1294 1314 1337 1361 1381
Cystersów  298 318 336 355 372 386 406 426 446 466 486 506 526 546 566 586 606 626 646 666 686 706 726 746 766 786 806 826 846 866 886 906 926 946 966 986 1006 1026 1046 1066 1086 1106 1136 1155 1175 1195 1215 1236 1256 1276 1296 1316 1339 1363 1383
Rondo Mogilskie  301 321 339 358 375 389 409 429 449 469 489 509 529 549 569 589 609 629 649 669 689 709 729 749 769 789 809 829 849 869 889 909 929 949 969 989 1009 1029 1049 1069 1089 1109 1139 1158 1178 1198 1218 1239 1259 1279 1299 1319 1342 1366 1386
Dworzec G³ówny Tunel  303 323 341 360 377 391 411 431 451 471 491 511 531 551 571 591 611 631 651 671 691 711 731 751 771 791 811 831 851 871 891 911 931 951 971 991 1011 1031 1051 1071 1091 1111 1141 1160 1180 1200 1220 1241 1261 1281 1301 1321 1344 1368 1388
Politechnika  304 324 342 361 378 392 412 432 452 472 492 512 532 552 572 592 612 632 652 672 692 712 732 752 772 792 812 832 852 872 892 912 932 952 972 992 1012 1032 1052 1072 1092 1112 1142 1161 1181 1201 1221 1242 1262 1282 1302 1322 1345 1369 1389
Dworzec Towarowy  306 326 344 363 380 394 414 434 454 474 494 514 534 554 574 594 614 634 654 674 694 714 734 754 774 794 814 834 854 874 894 914 934 954 974 994 1014 1034 1054 1074 1094 1114 1144 1163 1183 1203 1223 1244 1264 1284 1304 1324 1347 1371 1391
Szpital Narutowicza  308 328 346 365 382 396 416 436 456 476 496 516 536 556 576 596 616 636 656 676 696 716 736 756 776 796 816 836 856 876 896 916 936 956 976 996 1016 1036 1056 1076 1096 1116 1146 1165 1185 1205 1225 1246 1266 1286 1306 1326 1349 1373 1393
Bratys³awska  309 329 347 366 383 397 417 437 457 477 497 517 537 557 577 597 617 637 657 677 697 717 737 757 777 797 817 837 857 877 897 917 937 957 977 997 1017 1037 1057 1077 1097 1117 1147 1166 1186 1206 1226 1247 1267 1287 1307 1327 1350 1374 1394
Krowodrza Górka  310 330 348 367 384 398 418 438 458 478 498 518 538 558 578 598 618 638 658 678 698 718 738 758 778 798 818 838 858 878 898 918 938 958 978 998 1018 1038 1058 1078 1098 1118 1148 1167 1187 1207 1227 1248 1268 1288 1308 1328 1351 1375 1395
