Salwator_1  304 326 345 366 386 406 423 443 463 483 503 523 543 563 583 603 623 643 663 683 697 717 737 757 778 798 817 837 857 877 897 917 937 957 977 997 1017 1037 1057 1084 1104 1124 1143 1163 1183
Salwator_2  305 327 346 367 387 407 424 444 464 484 504 524 544 564 584 604 624 644 664 684 698 718 738 758 779 799 818 838 858 878 898 918 938 958 978 998 1018 1038 1058 1085 1105 1125 1144 1164 1184
Komorowskiego  306 328 347 368 388 408 425 445 465 485 505 525 545 565 585 605 625 645 665 685 699 719 739 759 780 800 819 839 859 879 899 919 939 959 979 999 1019 1039 1059 1086 1106 1126 1145 1165 1185
Jubilat  308 330 349 370 390 410 427 447 467 487 507 527 547 567 587 607 627 647 667 687 701 721 741 761 782 802 821 841 861 881 901 921 941 961 981 1001 1021 1041 1061 1088 1108 1128 1147 1167 1187
Filharmonia  311 333 352 373 393 413 430 450 470 490 510 530 550 570 590 610 630 650 670 690 704 724 744 764 785 805 824 844 864 884 904 924 944 964 984 1004 1024 1044 1064 1091 1111 1131 1150 1170 1190
Plac Wszystkich Œwiêtych  312 334 353 374 394 414 431 451 471 491 511 531 551 571 591 611 631 651 671 691 705 725 745 765 786 806 825 845 865 885 905 925 945 965 985 1005 1025 1045 1065 1092 1112 1132 1151 1171 1191
Œw. Gertrudy  314 336 355 376 396 416 433 453 473 493 513 533 553 573 593 613 633 653 673 693 707 727 747 767 788 808 827 847 867 887 907 927 947 967 987 1007 1027 1047 1067 1094 1114 1134 1153 1173 1193
Wawel  316 338 357 378 398 418 435 455 475 495 515 535 555 575 595 615 635 655 675 695 709 729 749 769 790 810 829 849 869 889 909 929 949 969 989 1009 1029 1049 1069 1096 1116 1136 1155 1175 1195
Stradom  318 340 359 380 400 420 437 457 477 497 517 537 557 577 597 617 637 657 677 697 711 731 751 771 792 812 831 851 871 891 911 931 951 971 991 1011 1031 1051 1071 1098 1118 1138 1157 1177 1197
Plac Wolnica  320 342 361 382 402 422 439 459 479 499 519 539 559 579 599 619 639 659 679 699 713 733 753 773 794 814 833 853 873 893 913 933 953 973 993 1013 1033 1053 1073 1100 1120 1140 1159 1179 1199
Korona  322 344 363 384 404 424 441 461 481 501 521 541 561 581 601 621 641 661 681 701 715 735 755 775 796 816 835 855 875 895 915 935 955 975 995 1015 1035 1055 1075 1102 1122 1142 1161 1181 1201
Limanowskiego  324 346 365 386 406 426 443 463 483 503 523 543 563 583 603 623 643 663 683 703 717 737 757 777 798 818 837 857 877 897 917 937 957 977 997 1017 1037 1057 1077 1104 1124 1144 1163 1183 1203
Powstañców Wielkopolskich  326 348 367 388 408 428 445 465 485 505 525 545 565 585 605 625 645 665 685 705 719 740 760 780 801 821 840 860 880 900 920 940 960 980 1000 1020 1040 1060 1080 1106 1126 1146 1165 1185 1205
Cmentarz Podgórski  327 349 368 389 409 429 446 466 486 506 526 546 566 586 606 626 646 666 686 706 720 741 761 781 802 822 841 861 881 901 921 941 961 981 1001 1021 1041 1061 1081 1107 1127 1147 1166 1186 1206
Dworcowa  329 351 370 391 411 431 448 468 488 508 528 548 568 588 608 628 648 668 688 708 722 743 763 783 804 824 843 863 883 903 923 943 963 983 1003 1023 1043 1063 1083 1109 1129 1149 1168 1188 1208
Kabel  331 353 372 393 413 433 450 470 490 510 530 550 570 590 610 630 650 670 690 710 724 745 765 785 806 826 845 865 885 905 925 945 965 985 1005 1025 1045 1065 1085 1111 1131 1151 1170 1190 1210
Bie¿anowska  334 356 375 396 416 436 453 473 493 513 533 553 573 593 613 633 653 673 693 713 727 748 768 788 809 829 848 868 888 908 928 948 968 988 1008 1028 1048 1068 1088 1114 1134 1154 1173 1193 1213
Dauna  335 357 376 397 417 437 454 474 494 514 534 554 574 594 614 634 654 674 694 714 728 749 769 789 810 830 849 869 889 909 929 949 969 989 1009 1029 1049 1069 1089 1115 1135 1155 1174 1194 1214
Piaski Nowe  337 359 378 399 419 439 456 476 496 516 536 556 576 596 616 636 656 676 696 716 730 751 771 791 812 832 851 871 891 911 931 951 971 991 1011 1031 1051 1071 1091 1117 1137 1157 1176 1196 1216
Nowos¹decka  338 360 379 400 420 440 457 477 497 517 537 557 577 597 617 637 657 677 697 717 731 752 772 792 813 833 852 872 892 912 932 952 972 992 1012 1032 1052 1072 1092 1118 1138 1158 1177 1197 1217
Witosa  340 362 381 402 422 442 459 479 499 519 539 559 579 599 619 639 659 679 699 719 733 754 774 794 815 835 854 874 894 914 934 954 974 994 1014 1034 1054 1074 1094 1120 1140 1160 1179 1199 1219
Kurdwanów  341 363 382 403 423 443 460 480 500 520 540 560 580 600 620 640 660 680 700 720 734 755 775 795 816 836 855 875 895 915 935 955 975 995 1015 1035 1055 1075 1095 1121 1141 1161 1180 1200 1220
