Salwator_1  7593 7613 7633 7653 7673 7694 7714 7734 7754 7774 7794 7814 7834 7854 7874 7894 7914 7934 7954 7974 7994 8014 8034 8054 8074 8094 8114 8134 8154 8174 8194 8214 8234 8254 8274 8294 8314 8334
Salwator_2  7594 7614 7634 7654 7674 7695 7715 7735 7755 7775 7795 7815 7835 7855 7875 7895 7915 7935 7955 7975 7995 8015 8035 8055 8075 8095 8115 8135 8155 8175 8195 8215 8235 8255 8275 8295 8315 8335
Komorowskiego  7595 7615 7635 7655 7675 7696 7716 7736 7756 7776 7796 7816 7836 7856 7876 7896 7916 7936 7956 7976 7996 8016 8036 8056 8076 8096 8116 8136 8156 8176 8196 8216 8236 8256 8276 8296 8316 8336
Jubilat  7597 7617 7637 7657 7677 7698 7718 7738 7758 7778 7798 7818 7838 7858 7878 7898 7918 7938 7958 7978 7998 8018 8038 8058 8078 8098 8118 8138 8158 8178 8198 8218 8238 8258 8278 8298 8318 8338
Filharmonia  7600 7620 7640 7660 7680 7701 7721 7741 7761 7781 7801 7821 7841 7861 7881 7901 7921 7941 7961 7981 8001 8021 8041 8061 8081 8101 8121 8141 8161 8181 8201 8221 8241 8261 8281 8301 8321 8341
Plac Wszystkich Œwiêtych  7601 7621 7641 7661 7681 7702 7722 7742 7762 7782 7802 7822 7842 7862 7882 7902 7922 7942 7962 7982 8002 8022 8042 8062 8082 8102 8122 8142 8162 8182 8202 8222 8242 8262 8282 8302 8322 8342
Œw. Gertrudy  7603 7623 7643 7663 7683 7704 7724 7744 7764 7784 7804 7824 7844 7864 7884 7904 7924 7944 7964 7984 8004 8024 8044 8064 8084 8104 8124 8144 8164 8184 8204 8224 8244 8264 8284 8304 8324 8344
Wawel  7605 7625 7645 7665 7685 7706 7726 7746 7766 7786 7806 7826 7846 7866 7886 7906 7926 7946 7966 7986 8006 8026 8046 8066 8086 8106 8126 8146 8166 8186 8206 8226 8246 8266 8286 8306 8326 8346
Stradom  7607 7627 7647 7667 7687 7708 7728 7748 7768 7788 7808 7828 7848 7868 7888 7908 7928 7948 7968 7988 8008 8028 8048 8068 8088 8108 8128 8148 8168 8188 8208 8228 8248 8268 8288 8308 8328 8348
Plac Wolnica  7609 7629 7649 7669 7689 7710 7730 7750 7770 7790 7810 7830 7850 7870 7890 7910 7930 7950 7970 7990 8010 8030 8050 8070 8090 8110 8130 8150 8170 8190 8210 8230 8250 8270 8290 8310 8330 8350
Korona  7611 7631 7651 7671 7691 7712 7732 7752 7772 7792 7812 7832 7852 7872 7892 7912 7932 7952 7972 7992 8012 8032 8052 8072 8092 8112 8132 8152 8172 8192 8212 8232 8252 8272 8292 8312 8332 8352
Limanowskiego  7613 7633 7653 7673 7693 7714 7734 7754 7774 7794 7814 7834 7854 7874 7894 7914 7934 7954 7974 7994 8014 8034 8054 8074 8094 8114 8134 8154 8174 8194 8214 8234 8254 8274 8294 8314 8334 8354
Powstañców Wielkopolskich  7615 7635 7655 7675 7695 7716 7736 7756 7776 7796 7816 7836 7856 7876 7896 7916 7936 7956 7976 7996 8016 8036 8056 8076 8096 8116 8136 8156 8176 8196 8216 8236 8256 8276 8296 8316 8336 8356
Cmentarz Podgórski  7616 7636 7656 7676 7696 7717 7737 7757 7777 7797 7817 7837 7857 7877 7897 7917 7937 7957 7977 7997 8017 8037 8057 8077 8097 8117 8137 8157 8177 8197 8217 8237 8257 8277 8297 8317 8337 8357
Dworcowa  7618 7638 7658 7678 7698 7719 7739 7759 7779 7799 7819 7839 7859 7879 7899 7919 7939 7959 7979 7999 8019 8039 8059 8079 8099 8119 8139 8159 8179 8199 8219 8239 8259 8279 8299 8319 8339 8359
Kabel  7620 7640 7660 7680 7700 7721 7741 7761 7781 7801 7821 7841 7861 7881 7901 7921 7941 7961 7981 8001 8021 8041 8061 8081 8101 8121 8141 8161 8181 8201 8221 8241 8261 8281 8301 8321 8341 8361
Bie¿anowska  7623 7643 7663 7683 7703 7724 7744 7764 7784 7804 7824 7844 7864 7884 7904 7924 7944 7964 7984 8004 8024 8044 8064 8084 8104 8124 8144 8164 8184 8204 8224 8244 8264 8284 8304 8324 8344 8364
Dauna  7624 7644 7664 7684 7704 7725 7745 7765 7785 7805 7825 7845 7865 7885 7905 7925 7945 7965 7985 8005 8025 8045 8065 8085 8105 8125 8145 8165 8185 8205 8225 8245 8265 8285 8305 8325 8345 8365
Piaski Nowe  7626 7646 7666 7686 7706 7727 7747 7767 7787 7807 7827 7847 7867 7887 7907 7927 7947 7967 7987 8007 8027 8047 8067 8087 8107 8127 8147 8167 8187 8207 8227 8247 8267 8287 8307 8327 8347 8367
Nowos¹decka  7627 7647 7667 7687 7707 7728 7748 7768 7788 7808 7828 7848 7868 7888 7908 7928 7948 7968 7988 8008 8028 8048 8068 8088 8108 8128 8148 8168 8188 8208 8228 8248 8268 8288 8308 8328 8348 8368
Witosa  7629 7649 7669 7689 7709 7730 7750 7770 7790 7810 7830 7850 7870 7890 7910 7930 7950 7970 7990 8010 8030 8050 8070 8090 8110 8130 8150 8170 8190 8210 8230 8250 8270 8290 8310 8330 8350 8370
Kurdwanów  7630 7650 7670 7690 7710 7731 7751 7771 7791 7811 7831 7851 7871 7891 7911 7931 7951 7971 7991 8011 8031 8051 8071 8091 8111 8131 8151 8171 8191 8211 8231 8251 8271 8291 8311 8331 8351 8371
