Bronowice Ma≥e 300 332 358 378 398 408 418 428 438 448 458 468 478 488 498 508 518 528 538 548 558 568 578 588 598 608 618 628 638 648 658 668 678 688 698 708 718 728 738 748 758 768 778 788 798 808 818 828 838 848 858 868 878 888 898 908 918 928 938 948 958 968 978 988 998 1008 1018 1028 1038 1048 1058 1068 1078 1088 1108 1128 1148 1167 1180 1198 1218 1238 1258 1278 1298 1318 1338 1358 1378 1398 
Balicka Wiadukt 301 333 359 379 399 409 419 429 439 449 459 469 479 489 499 509 519 529 539 549 559 569 579 589 599 609 619 629 639 649 659 669 679 689 699 709 719 729 739 749 759 769 779 789 799 809 819 829 839 849 859 869 879 889 899 909 919 929 939 949 959 969 979 989 999 1009 1019 1029 1039 1049 1059 1069 1079 1089 1109 1129 1149 1168 1181 1199 1219 1239 1259 1279 1299 1319 1339 1359 1379 1399 
Wesele 303 335 361 381 401 411 421 431 441 451 461 471 481 491 501 511 521 531 541 551 561 571 581 591 601 611 621 631 641 651 661 671 681 691 701 711 721 731 741 751 761 771 781 791 801 811 821 831 841 851 861 871 881 891 901 911 921 931 941 951 961 971 981 991 1001 1011 1021 1031 1041 1051 1061 1071 1081 1091 1111 1131 1151 1170 1183 1201 1221 1241 1261 1281 1301 1321 1341 1361 1381 1401 
Bronowice 304 336 362 382 402 412 422 432 442 452 462 472 482 492 502 512 522 532 542 552 562 572 582 592 602 612 622 632 642 652 662 672 682 692 702 712 722 732 742 752 762 772 782 792 802 812 822 832 842 852 862 872 882 892 902 912 922 932 942 952 962 972 982 992 1002 1012 1022 1032 1042 1052 1062 1072 1082 1092 1112 1132 1152 1171 1184 1202 1222 1242 1262 1282 1302 1322 1342 1362 1382 1402 
G≥owackiego 306 338 364 384 404 414 424 434 444 454 464 474 484 494 504 514 524 534 544 554 564 574 584 594 604 614 624 634 644 654 664 674 684 694 704 714 724 734 744 754 764 774 784 794 804 814 824 834 844 854 864 874 884 894 904 914 924 934 944 954 964 974 984 994 1004 1014 1024 1034 1044 1054 1064 1074 1084 1094 1114 1134 1154 1173 1186 1204 1224 1244 1264 1284 1304 1324 1344 1364 1384 1404 
Uniwersytet Pedagogiczny 307 339 365 385 405 415 425 435 445 455 465 475 485 495 505 515 525 535 545 555 565 575 585 595 605 615 625 635 645 655 665 675 685 695 705 715 725 735 745 755 765 775 785 795 805 815 825 835 845 855 865 875 885 895 905 915 925 935 945 955 965 975 985 995 1005 1015 1025 1035 1045 1055 1065 1075 1085 1095 1115 1135 1155 1174 1187 1205 1225 1245 1265 1285 1305 1325 1345 1365 1385 1405 
Biprostal 309 341 367 387 407 417 427 437 447 457 467 477 487 497 507 517 527 537 547 557 567 577 587 597 607 617 627 637 647 657 667 677 687 697 707 717 727 737 747 757 767 777 787 797 807 817 827 837 847 857 867 877 887 897 907 917 927 937 947 957 967 977 987 997 1007 1017 1027 1037 1047 1057 1067 1077 1087 1097 1117 1137 1157 1176 1189 1207 1227 1247 1267 1287 1307 1327 1347 1367 1387 1407 
UrzÍdnicza 310 342 368 388 408 418 428 438 448 458 468 478 488 498 508 518 528 538 548 558 568 578 588 598 608 618 628 638 648 658 668 678 688 698 708 718 728 738 748 758 768 778 788 798 808 818 828 838 848 858 868 878 888 898 908 918 928 938 948 958 968 978 988 998 1008 1018 1028 1038 1048 1058 1068 1078 1088 1098 1118 1138 1158 1177 1190 1208 1228 1248 1268 1288 1308 1328 1348 1368 1388 1408 
Plac InwalidÛw 312 344 370 390 410 420 430 440 450 460 470 480 490 500 510 520 530 540 550 560 570 580 590 600 610 620 630 640 650 660 670 680 690 700 710 720 730 740 750 760 770 780 790 800 810 820 830 840 850 860 870 880 890 900 910 920 930 940 950 960 970 980 990 1000 1010 1020 1030 1040 1050 1060 1070 1080 1090 1100 1120 1140 1160 1179 1192 1210 1230 1250 1270 1290 1310 1330 1350 1370 1390 1410 
Batorego 313 345 371 391 411 421 431 441 451 461 471 481 491 501 511 521 531 541 551 561 571 581 591 601 611 621 631 641 651 661 671 681 691 701 711 721 731 741 751 761 771 781 791 801 811 821 831 841 851 861 871 881 891 901 911 921 931 941 951 961 971 981 991 1001 1011 1021 1031 1041 1051 1061 1071 1081 1091 1101 1121 1141 1161 1180 1193 1211 1231 1251 1271 1291 1311 1331 1351 1371 1391 1411 
Teatr Bagatela 315 347 373 393 413 423 433 443 453 463 473 483 493 503 513 523 533 543 553 563 573 583 593 603 613 623 633 643 653 663 673 683 693 703 713 724 734 744 754 764 774 784 794 804 814 824 834 844 854 864 874 884 894 904 914 924 934 944 954 964 974 984 994 1004 1014 1024 1034 1044 1054 1064 1074 1083 1093 1103 1123 1143 1163 1182 1195 1213 1233 1253 1273 1293 1313 1333 1353 1373 1393 1413 
Filharmonia 317 349 375 395 415 425 435 445 455 465 475 485 495 505 515 525 535 545 555 565 575 585 595 605 615 625 635 645 655 665 675 685 695 705 715 726 736 746 756 766 776 786 796 806 816 826 836 846 856 866 876 886 896 906 916 926 936 946 956 966 976 986 996 1006 1016 1026 1036 1046 1056 1066 1076 1085 1095 1105 1125 1145 1165 1184 1197 1215 1235 1255 1275 1295 1315 1335 1355 1375 1395 1415 
Plac Wszystkich åwiÍtych 318 350 376 396 416 426 436 446 456 466 476 486 496 506 516 526 536 546 556 566 576 586 596 606 616 626 636 646 656 666 676 686 696 706 716 727 737 747 757 767 777 787 797 807 817 827 837 847 857 867 877 887 897 907 917 927 937 947 957 967 977 987 997 1007 1017 1027 1037 1047 1057 1067 1077 1086 1096 1106 1126 1146 1166 1185 1198 1216 1236 1256 1276 1296 1316 1336 1356 1376 1396 1416 
åw. Gertrudy 320 352 378 398 418 428 438 448 458 468 478 488 498 508 518 528 538 548 558 568 578 588 598 608 618 628 638 648 658 668 678 688 698 708 718 729 739 749 759 769 779 789 799 809 819 829 839 849 859 869 879 889 899 909 919 929 939 949 959 969 979 989 999 1009 1019 1029 1039 1049 1059 1069 1079 1088 1098 1108 1128 1148 1168 1187 1200 1218 1238 1258 1278 1298 1318 1338 1358 1378 1398 1418 
Wawel 322 354 380 400 420 430 440 450 460 470 480 490 500 510 520 530 540 550 560 570 580 590 600 610 620 630 640 650 660 670 680 690 700 710 720 731 741 751 761 771 781 791 801 811 821 831 841 851 861 871 881 891 901 911 921 931 941 951 961 971 981 991 1001 1011 1021 1031 1041 1051 1061 1071 1081 1090 1100 1110 1130 1150 1170 1189 1202 1220 1240 1260 1280 1300 1320 1340 1360 1380 1400 1420 
Stradom 324 356 382 402 422 432 442 452 462 472 482 492 502 512 522 532 542 552 562 572 582 592 602 612 622 632 642 652 662 672 682 692 702 712 722 733 743 753 763 773 783 793 803 813 823 833 843 853 863 873 883 893 903 913 923 933 943 953 963 973 983 993 1003 1013 1023 1033 1043 1053 1063 1073 1083 1092 1102 1112 1132 1152 1172 1191 1204 1222 1242 1262 1282 1302 1322 1342 1362 1382 1402 1422 
Plac Wolnica 326 358 384 404 424 434 444 454 464 474 484 494 504 514 524 534 544 554 564 574 584 594 604 614 624 634 644 654 664 674 684 694 704 714 724 735 745 755 765 775 785 795 805 815 825 835 845 855 865 875 885 895 905 915 925 935 945 955 965 975 985 995 1005 1015 1025 1035 1045 1055 1065 1075 1085 1094 1104 1114 1134 1154 1174 1193 1206 1224 1244 1264 1284 1304 1324 1344 1364 1384 1404 1424 
Korona 328 360 386 406 426 436 446 456 466 476 486 496 506 516 526 536 546 556 566 576 586 596 606 616 626 636 646 656 666 676 686 696 706 716 726 737 747 757 767 777 787 797 807 817 827 837 847 857 867 877 887 897 907 917 927 937 947 957 967 977 987 997 1007 1017 1027 1037 1047 1057 1067 1077 1087 1096 1106 1116 1136 1156 1176 1195 1208 1226 1246 1266 1286 1306 1326 1346 1366 1386 1406 1426 
Smolki 329 361 387 407 427 437 447 457 467 477 487 497 507 517 527 537 547 557 567 577 587 597 607 617 627 637 647 657 667 677 687 697 707 717 727 738 748 758 768 778 788 798 808 818 828 838 848 858 868 878 888 898 908 918 928 938 948 958 968 978 988 998 1008 1018 1028 1038 1048 1058 1068 1078 1088 1097 1107 1117 1137 1157 1177 1196 1209 1227 1247 1267 1287 1307 1327 1347 1367 1387 1407 1427 
Rondo Matecznego 332 364 390 410 430 440 450 460 470 480 490 500 510 520 530 540 550 560 570 580 590 600 610 620 630 640 650 660 670 680 690 700 710 720 730 741 751 761 771 781 791 801 811 821 831 841 851 861 871 881 891 901 911 921 931 941 951 961 971 981 991 1001 1011 1021 1031 1041 1051 1061 1071 1081 1091 1100 1110 1120 1140 1160 1180 1199 1212 1230 1250 1270 1290 1310 1330 1350 1370 1389 1409 1429 
Rzemieúlnicza 333 365 391 411 431 441 451 461 471 481 491 501 511 521 531 541 551 561 571 581 591 601 611 621 631 641 651 661 671 681 691 701 711 721 731 742 752 762 772 782 792 802 812 822 832 842 852 862 872 882 892 902 912 922 932 942 952 962 972 982 992 1002 1012 1022 1032 1042 1052 1062 1072 1082 1092 1101 1111 1121 1141 1161 1181 1200 1213 1231 1251 1271 1291 1311 1331 1351 1371 1390 1410 1430 
£Åagiewniki 335 367 393 413 433 443 453 463 473 483 493 503 513 523 533 543 553 563 573 583 593 603 613 623 633 643 653 663 673 683 693 703 713 723 733 744 754 764 774 784 794 804 814 824 834 844 854 864 874 884 894 904 914 924 934 944 954 964 974 984 994 1004 1014 1024 1034 1044 1054 1064 1074 1084 1094 1103 1113 1123 1143 1163 1183 1202 1215 1233 1253 1273 1293 1313 1333 1353 1373 1392 1412 1432 
£Åagiewniki Zus 337 369 395 415 435 445 455 465 475 485 495 505 515 525 535 545 555 565 575 585 595 605 615 625 635 645 655 665 675 685 695 705 715 725 735 746 756 766 776 786 796 806 816 826 836 846 856 866 876 886 896 906 916 926 936 946 956 966 976 986 996 1006 1016 1026 1036 1046 1056 1066 1076 1086 1096 1105 1115 1125 1145 1165 1185 1204 1217 1235 1255 1275 1295 1315 1335 1355 1375 1394 1414 1434 
Sanktuarium Boøego Mi≥osierdzia 338 370 396 416 436 446 456 466 476 486 496 506 516 526 536 546 556 566 576 586 596 606 616 626 636 646 656 666 676 686 696 706 716 726 736 747 757 767 777 787 797 807 817 827 837 847 857 867 877 887 897 907 917 927 937 947 957 967 977 987 997 1007 1017 1027 1037 1047 1057 1067 1077 1087 1097 1106 1116 1126 1146 1166 1186 1205 1218 1236 1256 1276 1296 1316 1336 1356 1376 1395 1415 1435 
Solvay 340 372 398 418 438 448 458 468 478 488 498 508 518 528 538 548 558 568 578 588 598 608 618 628 638 648 658 668 678 688 698 708 718 728 738 749 759 769 779 789 799 809 819 829 839 849 859 869 879 889 899 909 919 929 939 949 959 969 979 989 999 1009 1019 1029 1039 1049 1059 1069 1079 1089 1099 1108 1118 1128 1148 1168 1188 1207 1220 1238 1258 1278 1298 1318 1338 1358 1378 1397 1417 1437 
Borek Fa≥Ícki I 341 373 399 419 439 449 459 469 479 489 499 509 519 529 539 549 559 569 579 589 599 609 619 629 639 649 659 669 679 689 699 709 719 729 739 750 760 770 780 790 800 810 820 830 840 850 860 870 880 890 900 910 920 930 940 950 960 970 980 990 1000 1010 1020 1030 1040 1050 1060 1070 1080 1090 1100 1109 1119 1129 1149 1169 1189 1208 1221 1239 1259 1279 1299 1319 1339 1359 1379 1398 1418 1438 
Borek Fa≥Ícki 342 374 400 420 440 450 460 470 480 490 500 510 520 530 540 550 560 570 580 590 600 610 620 630 640 650 660 670 680 690 700 710 720 730 740 751 761 771 781 791 801 811 821 831 841 851 861 871 881 891 901 911 921 931 941 951 961 971 981 991 1001 1011 1021 1031 1041 1051 1061 1071 1081 1091 1101 1110 1120 1130 1150 1170 1190 1209 1222 1240 1260 1280 1300 1320 1340 1360 1380 1399 1419 1439 