Bronowice Małe 8949 8979 9009 9039 9069 9099 9129 9159 9189 9210 9230 9250 9270 9290 9310 9330 9350 9370 9390 9410 9430 9450 9470 9490 9510 9530 9550 9570 9590 9610 9630 9650 9670 9690 9710 9730 9750 9770 9790 9810 9830 9850 9870 9890 9910 9929 9949 9971 9991 10011 10029 
Balicka Wiadukt 8950 8980 9010 9040 9070 9100 9130 9160 9190 9211 9231 9251 9271 9291 9311 9331 9351 9371 9391 9411 9431 9451 9471 9491 9511 9531 9551 9571 9591 9611 9631 9651 9671 9691 9711 9731 9751 9771 9791 9811 9831 9851 9871 9891 9911 9930 9950 9972 9992 10012 10030 
Wesele 8952 8982 9012 9042 9072 9102 9132 9162 9192 9213 9233 9253 9273 9293 9313 9333 9353 9373 9393 9413 9433 9453 9473 9493 9513 9533 9553 9573 9593 9613 9633 9653 9673 9693 9713 9733 9753 9773 9793 9813 9833 9853 9873 9893 9913 9932 9952 9974 9994 10014 10032 
Bronowice 8953 8983 9013 9043 9073 9103 9133 9163 9193 9214 9234 9254 9274 9294 9314 9334 9354 9374 9394 9414 9434 9454 9474 9494 9514 9534 9554 9574 9594 9614 9634 9654 9674 9694 9714 9734 9754 9774 9794 9814 9834 9854 9874 9894 9914 9933 9953 9975 9995 10015 10033 
Głowackiego 8955 8985 9015 9045 9075 9105 9135 9165 9195 9216 9236 9256 9276 9296 9316 9336 9356 9376 9396 9416 9436 9456 9476 9496 9516 9536 9556 9576 9596 9616 9636 9656 9676 9696 9716 9736 9756 9776 9796 9816 9836 9856 9876 9896 9916 9935 9955 9977 9997 10017 10035 
Uniwersytet Pedagogiczny 8956 8986 9016 9046 9076 9106 9136 9166 9196 9217 9237 9257 9277 9297 9317 9337 9357 9377 9397 9417 9437 9457 9477 9497 9517 9537 9557 9577 9597 9617 9637 9657 9677 9697 9717 9737 9757 9777 9797 9817 9837 9857 9877 9897 9917 9936 9956 9978 9998 10018 10036 
Biprostal 8958 8988 9018 9048 9078 9108 9138 9168 9198 9219 9239 9259 9279 9299 9319 9339 9359 9379 9399 9419 9439 9459 9479 9499 9519 9539 9559 9579 9599 9619 9639 9659 9679 9699 9719 9739 9759 9779 9799 9819 9839 9859 9879 9899 9919 9938 9958 9980 10000 10020 10038 
Urzędnicza 8959 8989 9019 9049 9079 9109 9139 9169 9199 9220 9240 9260 9280 9300 9320 9340 9360 9380 9400 9420 9440 9460 9480 9500 9520 9540 9560 9580 9600 9620 9640 9660 9680 9700 9720 9740 9760 9780 9800 9820 9840 9860 9880 9900 9920 9939 9959 9981 10001 10021 10039 
Plac Inwalidów 8961 8991 9021 9051 9081 9111 9141 9171 9201 9222 9242 9262 9282 9302 9322 9342 9362 9382 9402 9422 9442 9462 9482 9502 9522 9542 9562 9582 9602 9622 9642 9662 9682 9702 9722 9742 9762 9782 9802 9822 9842 9862 9882 9902 9922 9941 9961 9983 10003 10023 10041 
Batorego 8962 8992 9022 9052 9082 9112 9142 9172 9202 9223 9243 9263 9283 9303 9323 9343 9363 9383 9403 9423 9443 9463 9483 9503 9523 9543 9563 9583 9603 9623 9643 9663 9683 9703 9723 9743 9763 9783 9803 9823 9843 9863 9883 9903 9923 9942 9962 9984 10004 10024 10042 
Teatr Bagatela 8964 8994 9024 9054 9084 9114 9144 9174 9204 9225 9245 9265 9285 9305 9325 9345 9365 9385 9405 9425 9445 9465 9485 9505 9525 9545 9565 9585 9605 9625 9645 9665 9685 9705 9725 9745 9765 9785 9805 9825 9845 9865 9885 9905 9925 9944 9964 9986 10006 10026 10044 
Filharmonia 8966 8996 9026 9056 9086 9116 9146 9176 9206 9227 9247 9267 9287 9307 9327 9347 9367 9387 9407 9427 9447 9467 9487 9507 9527 9547 9567 9587 9607 9627 9647 9667 9687 9707 9727 9747 9767 9787 9807 9827 9847 9867 9887 9907 9927 9946 9966 9988 10008 10028 10046 
Plac Wszystkich Świętych 8967 8997 9027 9057 9087 9117 9147 9177 9207 9228 9248 9268 9288 9308 9328 9348 9368 9388 9408 9428 9448 9468 9488 9508 9528 9548 9568 9588 9608 9628 9648 9668 9688 9708 9728 9748 9768 9788 9808 9828 9848 9868 9888 9908 9928 9947 9967 9989 10009 10029 10047 
Św. Gertrudy 8969 8999 9029 9059 9089 9119 9149 9179 9209 9230 9250 9270 9290 9310 9330 9350 9370 9390 9410 9430 9450 9470 9490 9510 9530 9550 9570 9590 9610 9630 9650 9670 9690 9710 9730 9750 9770 9790 9810 9830 9850 9870 9890 9910 9930 9949 9969 9991 10011 10031 10049 
Wawel 8971 9001 9031 9061 9091 9121 9151 9181 9211 9232 9252 9272 9292 9312 9332 9352 9372 9392 9412 9432 9452 9472 9492 9512 9532 9552 9572 9592 9612 9632 9652 9672 9692 9712 9732 9752 9772 9792 9812 9832 9852 9872 9892 9912 9932 9951 9971 9993 10013 10033 10051 
Stradom 8973 9003 9033 9063 9093 9123 9153 9183 9213 9234 9254 9274 9294 9314 9334 9354 9374 9394 9414 9434 9454 9474 9494 9514 9534 9554 9574 9594 9614 9634 9654 9674 9694 9714 9734 9754 9774 9794 9814 9834 9854 9874 9894 9914 9934 9953 9973 9995 10015 10035 10053 
Plac Wolnica 8975 9005 9035 9065 9095 9125 9155 9185 9215 9236 9256 9276 9296 9316 9336 9356 9376 9396 9416 9436 9456 9476 9496 9516 9536 9556 9576 9596 9616 9636 9656 9676 9696 9716 9736 9756 9776 9796 9816 9836 9856 9876 9896 9916 9936 9955 9975 9997 10017 10037 10055 
Korona 8977 9007 9037 9067 9097 9127 9157 9187 9217 9238 9258 9278 9298 9318 9338 9358 9378 9398 9418 9438 9458 9478 9498 9518 9538 9558 9578 9598 9618 9638 9658 9678 9698 9718 9738 9758 9778 9798 9818 9838 9858 9878 9898 9918 9938 9957 9977 9999 10019 10039 10057 
Smolki 8978 9008 9038 9068 9098 9128 9158 9188 9218 9239 9259 9279 9299 9319 9339 9359 9379 9399 9419 9439 9459 9479 9499 9519 9539 9559 9579 9599 9619 9639 9659 9679 9699 9719 9739 9759 9779 9799 9819 9839 9859 9879 9899 9919 9939 9958 9978 10000 10020 10040 10058 
Rondo Matecznego 8980 9010 9040 9070 9100 9130 9160 9190 9220 9241 9261 9281 9301 9321 9341 9361 9381 9401 9421 9441 9461 9481 9501 9521 9541 9561 9581 9601 9621 9641 9661 9681 9701 9721 9741 9761 9781 9801 9821 9841 9861 9881 9901 9921 9941 9960 9980 10002 10022 10042 10060 
Rzemieślnicza 8981 9011 9041 9071 9101 9131 9161 9191 9221 9242 9262 9282 9302 9322 9342 9362 9382 9402 9422 9442 9462 9482 9502 9522 9542 9562 9582 9602 9622 9642 9662 9682 9702 9722 9742 9762 9782 9802 9822 9842 9862 9882 9902 9922 9942 9961 9981 10003 10023 10043 10061 
Ĺagiewniki 8983 9013 9043 9073 9103 9133 9163 9193 9223 9244 9264 9284 9304 9324 9344 9364 9384 9404 9424 9444 9464 9484 9504 9524 9544 9564 9584 9604 9624 9644 9664 9684 9704 9724 9744 9764 9784 9804 9824 9844 9864 9884 9904 9924 9944 9963 9983 10005 10025 10045 10063 
Łagiewniki Zus 8985 9015 9045 9075 9105 9135 9165 9195 9225 9246 9266 9286 9306 9326 9346 9366 9386 9406 9426 9446 9466 9486 9506 9526 9546 9566 9586 9606 9626 9646 9666 9686 9706 9726 9746 9766 9786 9806 9826 9846 9866 9886 9906 9926 9946 9965 9985 10007 10027 10047 10065 
Sanktuarium Bożego Miłosierdzia 8986 9016 9046 9076 9106 9136 9166 9196 9226 9247 9267 9287 9307 9327 9347 9367 9387 9407 9427 9447 9467 9487 9507 9527 9547 9567 9587 9607 9627 9647 9667 9687 9707 9727 9747 9767 9787 9807 9827 9847 9867 9887 9907 9927 9947 9966 9986 10008 10028 10048 10066 
Solvay 8988 9018 9048 9078 9108 9138 9168 9198 9228 9249 9269 9289 9309 9329 9349 9369 9389 9409 9429 9449 9469 9489 9509 9529 9549 9569 9589 9609 9629 9649 9669 9689 9709 9729 9749 9769 9789 9809 9829 9849 9869 9889 9909 9929 9949 9968 9988 10010 10030 10050 10068 
Borek Fałęcki I 8989 9019 9049 9079 9109 9139 9169 9199 9229 9250 9270 9290 9310 9330 9350 9370 9390 9410 9430 9450 9470 9490 9510 9530 9550 9570 9590 9610 9630 9650 9670 9690 9710 9730 9750 9770 9790 9810 9830 9850 9870 9890 9910 9930 9950 9969 9989 10011 10031 10051 10069 
Borek Fałęcki 8990 9020 9050 9080 9110 9140 9170 9200 9230 9251 9271 9291 9311 9331 9351 9371 9391 9411 9431 9451 9471 9491 9511 9531 9551 9571 9591 9611 9631 9651 9671 9691 9711 9731 9751 9771 9791 9811 9831 9851 9871 9891 9911 9931 9951 9970 9990 10012 10032 10052 10070 
